#frequency	noise-free	noisy
84052.8211	0.000000E+00	1.505051E-01
84053.3093	0.000000E+00	-3.134315E-01
84053.7976	0.000000E+00	-8.963494E-03
84054.2859	0.000000E+00	-1.483110E-02
84054.7741	0.000000E+00	-9.973277E-02
84055.2624	0.000000E+00	-6.885607E-02
84055.7506	0.000000E+00	1.577047E-01
84056.2389	0.000000E+00	-1.911315E-01
84056.7271	0.000000E+00	-2.621983E-01
84057.2154	0.000000E+00	2.903129E-01
84057.7036	0.000000E+00	1.786027E-01
84058.1919	0.000000E+00	-2.476763E-01
84058.6801	0.000000E+00	-5.427584E-02
84059.1684	0.000000E+00	-5.328259E-02
84059.6566	0.000000E+00	-1.560947E-01
84060.1449	0.000000E+00	-6.775426E-02
84060.6331	0.000000E+00	2.575408E-01
84061.1214	0.000000E+00	3.688987E-01
84061.6096	0.000000E+00	-5.766437E-02
84062.0979	0.000000E+00	1.990059E-01
84062.5861	0.000000E+00	2.481340E-01
84063.0744	0.000000E+00	-7.015479E-02
84063.5626	0.000000E+00	-8.612923E-02
84064.0509	0.000000E+00	5.089380E-02
84064.5391	0.000000E+00	-2.917514E-02
84065.0274	0.000000E+00	5.704725E-02
84065.5156	0.000000E+00	2.834265E-02
84066.0039	0.000000E+00	-1.474884E-01
84066.4922	0.000000E+00	-6.903233E-02
84066.9804	0.000000E+00	-3.934851E-02
84067.4687	0.000000E+00	-9.542119E-02
84067.9569	0.000000E+00	-5.366401E-02
84068.4452	0.000000E+00	-4.874651E-02
84068.9334	0.000000E+00	-6.441738E-02
84069.4217	0.000000E+00	2.399573E-01
84069.9099	0.000000E+00	4.002749E-02
84070.3982	0.000000E+00	-1.324336E-01
84070.8864	0.000000E+00	1.486168E-01
84071.3747	0.000000E+00	4.469989E-01
84071.8629	0.000000E+00	2.401940E-01
84072.3512	0.000000E+00	-7.292017E-02
84072.8394	0.000000E+00	6.600672E-02
84073.3277	0.000000E+00	-1.471385E-01
84073.8159	0.000000E+00	-1.236748E-01
84074.3042	0.000000E+00	-1.922251E-01
84074.7924	0.000000E+00	-1.662836E-01
84075.2807	0.000000E+00	1.075158E-01
84075.7689	3.295065E-14	1.174976E-01
84076.2572	1.561861E-11	1.621760E-01
84076.7454	5.935038E-09	1.044068E-01
84077.2337	1.155721E-06	-5.174395E-02
84077.7220	1.153754E-04	-2.732915E-02
84078.2102	5.905936E-03	-3.960029E-01
84078.6985	1.550098E-01	2.252325E-01
84079.1867	2.080631E+00	1.954066E+00
84079.6750	1.407970E+01	1.391976E+01
84080.1632	4.697509E+01	4.650285E+01
84080.6515	8.003294E+01	8.030500E+01
84081.1397	7.772809E+01	7.787657E+01
84081.6280	5.568049E+01	5.579264E+01
84082.1162	6.384618E+01	6.407924E+01
84082.6045	8.364975E+01	8.328056E+01
84083.0927	6.880532E+01	6.863135E+01
84083.5810	3.064323E+01	3.073876E+01
84084.0692	6.781707E+00	6.937391E+00
84084.5575	7.453953E-01	7.921458E-01
84085.0457	4.163167E-02	3.145918E-01
84085.5340	1.190824E-03	4.823120E-03
84086.0222	1.745996E-05	-3.542318E-02
84086.5105	1.312078E-07	4.429849E-01
84086.9987	5.052651E-10	1.077690E-02
84087.4870	9.885191E-13	-1.280011E-01
84087.9752	2.108841E-12	-1.263887E-01
84088.4635	6.966423E-10	1.496269E-01
84088.9517	1.178969E-07	-3.869387E-02
84089.4400	1.019349E-05	4.986369E-02
84089.9283	4.502701E-04	3.987158E-02
84090.4165	1.016125E-02	-1.521316E-01
84090.9048	1.171332E-01	2.511488E-01
84091.3930	6.892904E-01	9.210599E-01
84091.8813	2.069475E+00	1.937318E+00
84092.3695	3.175754E+00	3.350139E+00
84092.8578	2.497350E+00	2.333932E+00
84093.3460	1.004707E+00	1.148962E+00
84093.8343	2.062612E-01	-1.562964E-02
84094.3225	2.161104E-02	3.865870E-02
84094.8108	1.156502E-03	5.304198E-02
84095.2990	3.219024E-05	-1.299098E-02
84095.7873	2.670836E-05	2.292725E-03
84096.2755	6.155664E-04	2.988736E-01
84096.7638	7.370649E-03	2.163678E-02
84097.2520	4.509072E-02	-5.958912E-02
84097.7403	1.409280E-01	1.135274E-01
84098.2285	2.250540E-01	2.693576E-01
84098.7168	1.836705E-01	3.987439E-01
84099.2050	7.659691E-02	-6.476906E-02
84099.6933	1.631999E-02	1.566533E-01
84100.1815	1.776504E-03	4.204614E-02
84100.6698	9.880390E-05	-2.924016E-01
84101.1580	2.807708E-06	3.283065E-02
84101.6463	4.076627E-08	-8.791079E-03
84102.1346	3.024208E-10	3.781713E-02
84102.6228	1.153272E-12	-2.325263E-01
84103.1111	0.000000E+00	-5.568276E-02
84103.5993	0.000000E+00	-9.284111E-02
84104.0876	0.000000E+00	-3.536315E-02
84104.5758	0.000000E+00	-1.785852E-01
84105.0641	0.000000E+00	1.529645E-01
84105.5523	0.000000E+00	-3.274453E-01
84106.0406	0.000000E+00	1.056764E-02
84106.5288	0.000000E+00	-3.359988E-01
84107.0171	0.000000E+00	-5.001781E-01
84107.5053	0.000000E+00	4.311969E-02
84107.9936	0.000000E+00	-1.876832E-01
84108.4818	0.000000E+00	1.995019E-01
84108.9701	0.000000E+00	5.141335E-01
84109.4583	0.000000E+00	-9.982053E-02
84109.9466	0.000000E+00	-3.048081E-01
84110.4348	0.000000E+00	2.722358E-02
84110.9231	0.000000E+00	-2.084445E-01
84111.4113	0.000000E+00	-1.835747E-01
84111.8996	0.000000E+00	-1.637390E-01
84112.3878	0.000000E+00	-2.545314E-01
84112.8761	0.000000E+00	-2.184887E-02
84113.3643	0.000000E+00	-1.270153E-03
84113.8526	0.000000E+00	-6.817609E-02
84114.3409	0.000000E+00	9.384322E-02
84114.8291	0.000000E+00	-2.069959E-01
84115.3174	0.000000E+00	-1.286338E-02
84115.8056	0.000000E+00	2.568749E-01
84116.2939	0.000000E+00	3.442578E-01
84116.7821	0.000000E+00	-2.394364E-01
84117.2704	0.000000E+00	-2.362101E-01
84117.7586	0.000000E+00	-1.390418E-01
84118.2469	0.000000E+00	2.887982E-01
84118.7351	0.000000E+00	-3.539471E-01
84119.2234	0.000000E+00	-1.822356E-01
84119.7116	0.000000E+00	4.104439E-02
84120.1999	5.634552E-12	-1.071084E-01
84120.6881	1.175480E-09	-2.534501E-01
84121.1764	1.253219E-07	4.379521E-02
84121.6646	6.829491E-06	1.340288E-01
84122.1529	1.902396E-04	-2.201618E-02
84122.6411	2.708715E-03	2.468058E-01
84123.1294	1.971362E-02	-3.584221E-01
84123.6176	7.333209E-02	5.434029E-02
84124.1059	1.394325E-01	-5.810756E-02
84124.5941	1.355303E-01	6.049245E-05
84125.0824	6.734530E-02	-4.043632E-01
84125.5706	1.710474E-02	-5.142108E-02
84126.0589	2.220501E-03	6.617308E-03
84126.5472	1.473423E-04	-6.871171E-02
84127.0354	4.997515E-06	-8.110799E-02
84127.5237	8.664268E-08	-1.378392E-02
84128.0119	7.678146E-10	1.132274E-01
84128.5002	3.492762E-12	-1.716763E-02
84128.9884	0.000000E+00	-8.980361E-03
84129.4767	0.000000E+00	-4.932817E-02
84129.9649	0.000000E+00	5.613429E-01
84130.4532	0.000000E+00	3.284653E-01
84130.9414	0.000000E+00	1.341120E-01
84131.4297	0.000000E+00	-2.840338E-01
84131.9179	0.000000E+00	5.339983E-02
84132.4062	0.000000E+00	-3.149901E-01
84132.8944	0.000000E+00	-6.525986E-02
84133.3827	0.000000E+00	8.545384E-02
84133.8709	0.000000E+00	3.028401E-01
84134.3592	1.383924E-12	1.551961E-02
84134.8474	5.317564E-10	-1.581611E-02
84135.3357	1.042504E-07	1.820280E-01
84135.8239	1.048000E-05	7.996281E-02
84136.3122	5.416820E-04	2.126089E-01
84136.8004	1.447309E-02	1.554834E-01
84137.2887	2.019543E-01	2.711028E-01
84137.7769	1.498704E+00	1.643755E+00
84138.2652	6.097105E+00	5.902001E+00
84138.7535	1.426371E+01	1.446072E+01
84139.2417	2.030042E+01	2.047825E+01
84139.7300	1.817779E+01	1.792611E+01
84140.2182	1.119183E+01	1.095692E+01
84140.7065	9.365137E+00	9.426644E+00
84141.1947	1.400704E+01	1.383748E+01
84141.6830	1.503939E+01	1.528317E+01
84142.1712	8.982915E+00	8.996902E+00
84142.6595	3.695447E+00	3.785333E+00
84143.1477	3.862571E+00	3.506754E+00
84143.6360	6.263356E+00	6.072636E+00
84144.1242	5.826500E+00	5.644016E+00
84144.6125	2.901319E+00	2.408046E+00
84145.1007	1.623685E+00	1.437499E+00
84145.5890	4.310060E+00	4.332437E+00
84146.0772	1.020162E+01	1.014478E+01
84146.5655	1.383360E+01	1.359753E+01
84147.0537	1.100377E+01	1.094656E+01
84147.5420	5.155712E+00	5.254508E+00
84148.0302	1.380621E+00	1.059662E+00
84148.5185	2.162713E-01	3.289310E-01
84149.0067	1.778227E-01	1.994661E-01
84149.4950	1.020041E+00	9.959109E-01
84149.9832	3.274995E+00	3.153707E+00
84150.4715	5.381601E+00	5.409470E+00
84150.9598	4.544944E+00	4.639944E+00
84151.4480	1.968616E+00	2.250655E+00
84151.9363	4.354130E-01	3.522807E-01
84152.4245	5.370734E-02	2.864277E-01
84152.9128	7.350205E-02	-2.071212E-01
84153.4010	5.639230E-01	5.256414E-01
84153.8893	2.401668E+00	2.569094E+00
84154.3775	5.927587E+00	5.905246E+00
84154.8658	9.800548E+00	9.738628E+00
84155.3540	1.174639E+01	1.163778E+01
84155.8423	9.304338E+00	9.308127E+00
84156.3305	4.637897E+00	4.293708E+00
84156.8188	2.833034E+00	2.818204E+00
84157.3070	3.872481E+00	3.862695E+00
84157.7953	4.450091E+00	4.078161E+00
84158.2835	4.024544E+00	4.061969E+00
84158.7718	4.387555E+00	4.134058E+00
84159.2600	4.691356E+00	4.716251E+00
84159.7483	3.107709E+00	3.134076E+00
84160.2365	1.093713E+00	1.288383E+00
84160.7248	1.979186E-01	1.098934E-01
84161.2130	1.833731E-02	2.093062E-01
84161.7013	1.515556E-03	1.737663E-01
84162.1895	1.416598E-02	-7.267763E-02
84162.6778	1.578804E-01	1.419607E-01
84163.1661	9.004124E-01	1.250442E+00
84163.6543	2.622170E+00	2.590080E+00
84164.1426	3.908622E+00	3.920061E+00
84164.6308	2.991174E+00	3.085878E+00
84165.1191	1.172594E+00	1.044239E+00
84165.6073	2.347632E-01	2.473439E-01
84166.0956	2.401088E-02	2.439196E-01
84166.5838	1.263959E-03	-1.828927E-01
84167.0721	4.155984E-04	-1.835245E-01
84167.5603	8.997249E-03	8.860598E-02
84168.0486	1.083666E-01	-1.080041E-02
84168.5368	6.671626E-01	8.822054E-01
84169.0251	2.097931E+00	1.766562E+00
84169.5133	3.375399E+00	3.753124E+00
84170.0016	2.786955E+00	2.986567E+00
84170.4898	1.184960E+00	8.851731E-01
84170.9781	3.511911E-01	2.671163E-01
84171.4663	8.302892E-01	8.002540E-01
84171.9546	3.493762E+00	3.488677E+00
84172.4428	7.991244E+00	7.948085E+00
84172.9311	9.715437E+00	1.005843E+01
84173.4193	6.316623E+00	6.334350E+00
84173.9076	2.293853E+00	2.285108E+00
84174.3958	1.110299E+00	9.769296E-01
84174.8841	2.075974E+00	2.138680E+00
84175.3724	2.952816E+00	3.047386E+00
84175.8606	2.190594E+00	2.261545E+00
84176.3489	8.326725E-01	8.201190E-01
84176.8371	1.617312E-01	1.710802E-01
84177.3254	1.605586E-02	1.083670E-01
84177.8136	8.152458E-04	-2.587346E-01
84178.3019	2.244766E-05	-1.917525E-01
84178.7901	7.502131E-05	-2.860486E-01
84179.2784	2.245866E-03	-3.011072E-01
84179.7666	3.452544E-02	1.833349E-01
84180.2549	2.714516E-01	4.989926E-01
84180.7431	1.090851E+00	9.763569E-01
84181.2314	2.241511E+00	2.305668E+00
84181.7196	2.360594E+00	2.761357E+00
84182.2079	1.274487E+00	1.452652E+00
84182.6961	3.519448E-01	1.885932E-01
84183.1844	4.967131E-02	1.928006E-01
84183.6726	3.585059E-03	-1.469746E-01
84184.1609	1.323776E-04	4.372729E-02
84184.6491	2.953828E-06	1.145146E-01
84185.1374	3.023734E-05	2.193911E-01
84185.6256	1.030678E-03	-3.347366E-01
84186.1139	1.798995E-02	3.048583E-01
84186.6021	1.606337E-01	3.976242E-01
84187.0904	7.333644E-01	6.021939E-01
84187.5787	1.711969E+00	1.845951E+00
84188.0669	2.047083E+00	2.168383E+00
84188.5552	1.254861E+00	1.457468E+00
84189.0434	3.936379E-01	2.215459E-01
84189.5317	6.312482E-02	2.931190E-01
84190.0199	5.177208E-03	-7.207040E-04
84190.5082	2.172421E-04	-1.405394E-01
84190.9964	4.666746E-06	-3.137321E-01
84191.4847	3.830005E-07	-4.286209E-01
84191.9729	2.245035E-05	1.862260E-01
84192.4612	7.774077E-04	-3.678590E-01
84192.9494	1.377559E-02	-5.846039E-02
84193.4377	1.248932E-01	1.651047E-01
84193.9259	5.791021E-01	2.065079E-02
84194.4142	1.373284E+00	1.651934E+00
84194.9024	1.667904E+00	1.549088E+00
84195.3907	1.038244E+00	8.655114E-01
84195.8789	3.307679E-01	5.738813E-01
84196.3672	5.388530E-02	3.835590E-02
84196.8554	4.490448E-03	-1.545278E-01
84197.3437	1.914763E-04	1.920117E-02
84197.8319	4.178132E-06	1.356186E-01
84198.3202	5.773195E-08	4.870428E-02
84198.8084	1.168042E-06	-1.696388E-01
84199.2967	6.299432E-05	-1.938934E-01
84199.7850	1.739232E-03	5.786418E-03
84200.2732	2.458414E-02	4.575891E-01
84200.7615	1.782393E-01	-1.444438E-01
84201.2497	6.710773E-01	4.525028E-01
84201.7380	1.412386E+00	1.457839E+00
84202.2262	2.238742E+00	2.481972E+00
84202.7145	3.832951E+00	3.680656E+00
84203.2027	5.436919E+00	5.429031E+00
84203.6910	5.086889E+00	5.258953E+00
84204.1792	4.393001E+00	4.313789E+00
84204.6675	4.607059E+00	4.435912E+00
84205.1557	4.188949E+00	4.024952E+00
84205.6440	4.249601E+00	4.546201E+00
84206.1322	5.385675E+00	5.755833E+00
84206.6205	4.679444E+00	4.636662E+00
84207.1087	2.180171E+00	2.144272E+00
84207.5970	5.219625E-01	6.855216E-01
84208.0852	6.387242E-02	-1.829569E-01
84208.5735	3.998065E-03	-5.476661E-02
84209.0617	1.280779E-04	-1.995769E-01
84209.5500	2.372629E-06	-1.335496E-01
84210.0382	2.234426E-05	-1.584461E-01
84210.5265	9.356526E-04	3.648148E-01
84211.0147	2.007047E-02	1.811797E-01
84211.5030	2.203092E-01	4.890676E-01
84211.9913	1.236159E+00	1.462990E+00
84212.4795	3.542638E+00	3.627959E+00
84212.9678	5.202516E+00	5.044073E+00
84213.4560	3.930405E+00	3.889862E+00
84213.9443	1.522854E+00	1.620743E+00
84214.4325	3.014150E-01	6.878792E-01
84214.9208	3.048869E-02	-1.977648E-01
84215.4090	1.577976E-03	3.415465E-02
84215.8973	4.180292E-05	-1.503479E-02
84216.3855	5.668612E-07	1.258922E-01
84216.8738	3.934716E-09	-1.186658E-01
84217.3620	1.397100E-11	9.582767E-02
84217.8503	3.295048E-14	8.990577E-02
84218.3385	0.000000E+00	4.800008E-01
84218.8268	0.000000E+00	-2.699806E-01
84219.3150	0.000000E+00	-1.334086E-01
84219.8033	0.000000E+00	2.470861E-01
84220.2915	0.000000E+00	-1.424141E-01
84220.7798	0.000000E+00	-2.492828E-02
84221.2680	0.000000E+00	-2.136239E-02
84221.7563	0.000000E+00	2.253670E-03
84222.2445	0.000000E+00	2.208352E-01
84222.7328	0.000000E+00	-1.526809E-01
84223.2210	0.000000E+00	3.581581E-01
84223.7093	0.000000E+00	1.123597E-01
84224.1976	0.000000E+00	7.686177E-02
84224.6858	0.000000E+00	4.553459E-01
84225.1741	0.000000E+00	-1.306215E-01
84225.6623	0.000000E+00	2.756530E-01
84226.1506	0.000000E+00	-2.389532E-01
84226.6388	0.000000E+00	3.164422E-01
84227.1271	0.000000E+00	-2.806403E-01
84227.6153	0.000000E+00	-2.761436E-02
84228.1036	0.000000E+00	-3.049692E-01
84228.5918	0.000000E+00	3.184207E-01
84229.0801	0.000000E+00	-1.493411E-01
84229.5683	0.000000E+00	-8.067555E-03
84230.0566	0.000000E+00	-3.882556E-01
84230.5448	0.000000E+00	-2.407120E-02
84231.0331	0.000000E+00	-1.638715E-01
84231.5213	0.000000E+00	2.176519E-01
84232.0096	0.000000E+00	-4.333632E-02
84232.4978	1.647523E-13	1.709778E-01
84232.9861	3.914515E-11	1.606195E-01
84233.4743	5.067484E-09	-1.596711E-02
84233.9626	3.358136E-07	7.913090E-02
84234.4508	1.139550E-05	8.788866E-02
84234.9391	1.980147E-04	3.308114E-01
84235.4273	1.761933E-03	-1.519509E-02
84235.9156	8.027991E-03	-4.337306E-02
84236.4039	1.873053E-02	2.194932E-01
84236.8921	2.237831E-02	-4.719165E-02
84237.3804	1.369124E-02	3.227211E-02
84237.8686	4.289310E-03	-1.434892E-01
84238.3569	6.881086E-04	2.290294E-01
84238.8451	5.652665E-05	-1.173818E-01
84239.3334	2.377815E-06	-4.065060E-02
84239.8216	5.121907E-08	4.202098E-02
84240.3099	5.649684E-10	6.121294E-02
84240.7981	3.196194E-12	-4.228277E-02
84241.2864	0.000000E+00	-1.172654E-01
84241.7746	0.000000E+00	1.062382E-01
84242.2629	0.000000E+00	1.861287E-01
84242.7511	0.000000E+00	1.695152E-01
84243.2394	0.000000E+00	-7.463465E-02
84243.7276	0.000000E+00	-1.893309E-01
84244.2159	0.000000E+00	-3.421825E-01
84244.7041	0.000000E+00	3.904007E-02
84245.1924	0.000000E+00	1.722899E-02
84245.6806	0.000000E+00	-3.838150E-02
84246.1689	0.000000E+00	-4.370386E-01
84246.6571	0.000000E+00	-2.955635E-01
84247.1454	0.000000E+00	-1.449516E-02
84247.6336	0.000000E+00	9.304099E-02
84248.1219	0.000000E+00	-2.733238E-01
84248.6102	0.000000E+00	1.497338E-01
84249.0984	0.000000E+00	-2.623074E-02
84249.5867	0.000000E+00	2.528429E-02
84250.0749	3.295044E-14	-1.796741E-01
84250.5632	1.489360E-11	-4.366126E-01
84251.0514	2.324785E-09	3.717972E-02
84251.5397	1.865198E-07	-2.046562E-01
84252.0279	7.753428E-06	6.430803E-02
84252.5162	1.712914E-04	2.993526E-01
84253.0044	2.158918E-03	-6.268849E-02
84253.4927	1.780909E-02	-1.187042E-01
84253.9809	1.064887E-01	6.759821E-02
84254.4692	4.270857E-01	6.029374E-01
84254.9574	9.952394E-01	6.582240E-01
84255.4457	1.242707E+00	1.039196E+00
84255.9339	8.069284E-01	6.817747E-01
84256.4222	2.695653E-01	3.808516E-01
84256.9104	4.616006E-02	-2.769074E-01
84257.3987	4.049074E-03	-1.908530E-01
84257.8869	1.819377E-04	2.223944E-01
84258.3752	4.187535E-06	2.032963E-01
84258.8634	4.936916E-08	1.421878E-01
84259.3517	2.981355E-10	-3.295176E-02
84259.8400	9.226119E-13	4.531544E-01
84260.3282	0.000000E+00	8.733212E-02
84260.8165	0.000000E+00	1.427324E-02
84261.3047	0.000000E+00	3.224757E-02
84261.7930	0.000000E+00	-6.551891E-02
84262.2812	0.000000E+00	4.357976E-02
84262.7695	0.000000E+00	-2.101840E-01
84263.2577	0.000000E+00	1.117441E-01
84263.7460	0.000000E+00	-1.579614E-02
84264.2342	0.000000E+00	1.526106E-01
84264.7225	0.000000E+00	-1.023262E-01
84265.2107	0.000000E+00	1.095387E-01
84265.6990	0.000000E+00	-2.730581E-01
84266.1872	0.000000E+00	-2.186532E-02
84266.6755	0.000000E+00	2.794310E-01
84267.1637	0.000000E+00	-1.332023E-01
84267.6520	0.000000E+00	-1.103921E-01
84268.1402	0.000000E+00	1.503548E-01
84268.6285	0.000000E+00	2.932143E-02
84269.1167	0.000000E+00	-7.468048E-02
84269.6050	0.000000E+00	-7.995584E-02
84270.0932	0.000000E+00	-9.439675E-02
84270.5815	0.000000E+00	-1.758673E-01
84271.0697	0.000000E+00	-6.849267E-02
84271.5580	0.000000E+00	2.998262E-02
84272.0463	0.000000E+00	-1.472931E-02
84272.5345	0.000000E+00	-1.485984E-01
84273.0228	0.000000E+00	3.528175E-02
84273.5110	0.000000E+00	-3.576826E-02
84273.9993	0.000000E+00	3.138240E-02
84274.4875	0.000000E+00	-1.565154E-01
84274.9758	0.000000E+00	1.145691E-01
84275.4640	0.000000E+00	3.884370E-02
84275.9523	0.000000E+00	-8.928317E-02
84276.4405	0.000000E+00	-6.846792E-02
84276.9288	0.000000E+00	-9.370740E-02
84277.4170	0.000000E+00	-5.238727E-02
84277.9053	0.000000E+00	-2.385722E-01
84278.3935	0.000000E+00	8.652046E-02
84278.8818	0.000000E+00	5.638412E-01
84279.3700	0.000000E+00	8.266496E-03
84279.8583	0.000000E+00	1.716954E-01
84280.3465	0.000000E+00	-1.459606E-01
84280.8348	0.000000E+00	1.512948E-01
84281.3230	0.000000E+00	-1.473852E-01
84281.8113	0.000000E+00	-3.693391E-02
84282.2995	0.000000E+00	4.296666E-02
84282.7878	0.000000E+00	4.963798E-02
84283.2760	0.000000E+00	-1.525304E-01
84283.7643	0.000000E+00	4.358869E-01
84284.2526	0.000000E+00	-2.170225E-01
84284.7408	0.000000E+00	-9.628440E-02
84285.2291	0.000000E+00	-5.766098E-03
84285.7173	0.000000E+00	1.749248E-01
84286.2056	0.000000E+00	6.843280E-02
84286.6938	0.000000E+00	8.755117E-02
84287.1821	0.000000E+00	2.043517E-01
84287.6703	0.000000E+00	-1.579609E-01
84288.1586	0.000000E+00	-1.118914E-01
84288.6468	0.000000E+00	2.309496E-01
84289.1351	0.000000E+00	-6.532970E-02
84289.6233	0.000000E+00	-5.163866E-03
84290.1116	0.000000E+00	1.385904E-01
84290.5998	0.000000E+00	2.039080E-01
84291.0881	0.000000E+00	-2.550140E-02
84291.5763	0.000000E+00	1.627667E-01
84292.0646	0.000000E+00	-3.849303E-01
84292.5528	0.000000E+00	5.954869E-03
84293.0411	0.000000E+00	-2.082679E-01
84293.5293	0.000000E+00	-1.462435E-01
84294.0176	0.000000E+00	-2.938663E-01
84294.5058	0.000000E+00	-1.237797E-02
84294.9941	0.000000E+00	1.324855E-01
84295.4823	0.000000E+00	-2.933589E-01
84295.9706	0.000000E+00	2.724512E-01
84296.4589	0.000000E+00	1.071362E-01
84296.9471	0.000000E+00	-1.843601E-01
84297.4354	0.000000E+00	1.804915E-01
84297.9236	0.000000E+00	1.790404E-01
84298.4119	0.000000E+00	-4.707318E-01
84298.9001	0.000000E+00	2.632159E-01
84299.3884	0.000000E+00	1.184128E-02
84299.8766	0.000000E+00	-1.099936E-01
84300.3649	0.000000E+00	1.376300E-01
84300.8531	0.000000E+00	-2.813354E-01
84301.3414	0.000000E+00	-2.099075E-01
84301.8296	0.000000E+00	-2.852982E-02
84302.3179	0.000000E+00	6.855594E-02
84302.8061	0.000000E+00	7.866106E-02
84303.2944	0.000000E+00	-1.164468E-02
84303.7826	0.000000E+00	-7.212495E-02
84304.2709	0.000000E+00	-8.252648E-02
84304.7591	0.000000E+00	2.198146E-01
84305.2474	0.000000E+00	-6.782326E-02
84305.7356	0.000000E+00	1.338822E-01
84306.2239	0.000000E+00	2.349307E-01
84306.7121	0.000000E+00	-1.829745E-01
84307.2004	0.000000E+00	-3.640926E-02
84307.6886	0.000000E+00	2.479897E-01
84308.1769	0.000000E+00	-2.220348E-02
84308.6652	0.000000E+00	-2.827914E-02
84309.1534	0.000000E+00	-7.876959E-02
84309.6417	0.000000E+00	9.245306E-02
84310.1299	0.000000E+00	3.114753E-01
84310.6182	0.000000E+00	2.879167E-01
84311.1064	0.000000E+00	-2.422405E-01
84311.5947	0.000000E+00	-2.215123E-01
84312.0829	0.000000E+00	-2.202338E-01
84312.5712	0.000000E+00	1.743009E-01
84313.0594	0.000000E+00	-9.532360E-02
84313.5477	0.000000E+00	-4.645899E-02
84314.0359	0.000000E+00	-5.796769E-01
84314.5242	0.000000E+00	-1.522424E-01
84315.0124	0.000000E+00	-2.576873E-01
84315.5007	0.000000E+00	-1.503260E-01
84315.9889	0.000000E+00	-2.353735E-02
84316.4772	0.000000E+00	-1.524868E-01
84316.9654	0.000000E+00	-2.079757E-01
84317.4537	0.000000E+00	6.055073E-02
84317.9419	0.000000E+00	6.574884E-02
84318.4302	0.000000E+00	-2.352622E-02
84318.9184	0.000000E+00	3.042182E-01
84319.4067	0.000000E+00	-1.645851E-01
84319.8949	0.000000E+00	-5.164522E-02
84320.3832	0.000000E+00	1.872220E-01
84320.8715	0.000000E+00	-2.804656E-01
84321.3597	0.000000E+00	-2.206678E-01
84321.8480	0.000000E+00	-4.023347E-01
84322.3362	0.000000E+00	4.078132E-01
84322.8245	0.000000E+00	-6.818306E-02
84323.3127	0.000000E+00	-3.521391E-01
84323.8010	0.000000E+00	1.640208E-04
84324.2892	0.000000E+00	5.230546E-02
84324.7775	0.000000E+00	1.093774E-01
84325.2657	0.000000E+00	5.087791E-02
84325.7540	0.000000E+00	1.150329E-01
84326.2422	0.000000E+00	2.100364E-02
84326.7305	0.000000E+00	-8.044292E-03
84327.2187	0.000000E+00	1.077986E-02
84327.7070	0.000000E+00	-9.352896E-02
84328.1952	0.000000E+00	-7.362514E-02
84328.6835	0.000000E+00	8.537297E-02
84329.1717	0.000000E+00	5.022776E-02
84329.6600	0.000000E+00	2.633937E-01
84330.1482	0.000000E+00	-1.984948E-01
84330.6365	0.000000E+00	-1.761484E-01
84331.1247	0.000000E+00	-8.954989E-02
84331.6130	0.000000E+00	1.230280E-01
84332.1012	0.000000E+00	7.283619E-02
84332.5895	0.000000E+00	-1.993660E-01
84333.0778	0.000000E+00	-2.061954E-01
84333.5660	0.000000E+00	1.042810E-01
84334.0543	0.000000E+00	2.157090E-01
84334.5425	0.000000E+00	9.228885E-02
84335.0308	0.000000E+00	-4.362808E-02
84335.5190	0.000000E+00	-1.274743E-01
84336.0073	0.000000E+00	1.572148E-01
84336.4955	0.000000E+00	1.481596E-01
84336.9838	0.000000E+00	2.287108E-01
84337.4720	0.000000E+00	2.179332E-03
84337.9603	0.000000E+00	5.406103E-03
84338.4485	0.000000E+00	-1.289897E-01
84338.9368	0.000000E+00	2.395359E-02
84339.4250	0.000000E+00	6.325309E-02
84339.9133	0.000000E+00	-1.537743E-01
84340.4015	0.000000E+00	-4.971897E-02
84340.8898	0.000000E+00	5.056272E-01
84341.3780	0.000000E+00	-1.099764E-02
84341.8663	0.000000E+00	-1.260622E-01
84342.3545	0.000000E+00	-2.267631E-01
84342.8428	0.000000E+00	1.188916E-01
84343.3310	0.000000E+00	-3.067937E-01
84343.8193	0.000000E+00	-1.958967E-01
84344.3075	0.000000E+00	-1.982846E-02
84344.7958	0.000000E+00	2.123135E-01
84345.2841	0.000000E+00	3.444991E-01
84345.7723	0.000000E+00	-3.975666E-01
84346.2606	0.000000E+00	2.558170E-01
84346.7488	0.000000E+00	-2.964389E-01
84347.2371	0.000000E+00	-1.755845E-01
84347.7253	0.000000E+00	2.849596E-01
84348.2136	0.000000E+00	-1.795950E-01
84348.7018	0.000000E+00	-1.302889E-01
84349.1901	0.000000E+00	9.930481E-02
84349.6783	0.000000E+00	2.130803E-01
84350.1666	0.000000E+00	2.416630E-01
84350.6548	0.000000E+00	-2.274020E-01
84351.1431	0.000000E+00	-5.841716E-02
84351.6313	0.000000E+00	-3.588665E-01
84352.1196	0.000000E+00	3.543413E-02
84352.6078	0.000000E+00	-3.049674E-02
84353.0961	0.000000E+00	-3.886913E-02
84353.5843	0.000000E+00	-1.917072E-01
84354.0726	0.000000E+00	-1.233548E-01
84354.5608	0.000000E+00	2.204848E-01
84355.0491	0.000000E+00	-1.828268E-01
84355.5373	0.000000E+00	2.974200E-01
84356.0256	0.000000E+00	-1.093532E-01
84356.5138	0.000000E+00	-4.391419E-01
84357.0021	0.000000E+00	5.284317E-02
84357.4904	0.000000E+00	6.107392E-02
84357.9786	0.000000E+00	-6.282332E-02
84358.4669	0.000000E+00	-1.124588E-01
84358.9551	0.000000E+00	3.517185E-02
84359.4434	0.000000E+00	2.443433E-01
84359.9316	0.000000E+00	3.878776E-02
84360.4199	0.000000E+00	-5.365334E-02
84360.9081	0.000000E+00	1.165043E-01
84361.3964	0.000000E+00	3.245443E-02
84361.8846	0.000000E+00	-1.832715E-02
84362.3729	0.000000E+00	-1.967595E-01
84362.8611	0.000000E+00	2.267085E-01
84363.3494	0.000000E+00	1.583737E-01
84363.8376	0.000000E+00	-1.208322E-01
84364.3259	0.000000E+00	2.243530E-01
84364.8141	0.000000E+00	-5.348319E-02
84365.3024	0.000000E+00	4.369930E-02
84365.7906	0.000000E+00	3.764443E-02
84366.2789	0.000000E+00	-4.068734E-01
84366.7671	0.000000E+00	-5.193419E-02
84367.2554	0.000000E+00	-1.514848E-01
84367.7436	0.000000E+00	2.258932E-01
84368.2319	0.000000E+00	-1.166327E-01
84368.7201	0.000000E+00	-3.825466E-01
84369.2084	0.000000E+00	-8.140447E-02
84369.6967	0.000000E+00	7.626403E-02
84370.1849	0.000000E+00	4.539574E-01
84370.6732	0.000000E+00	-2.817474E-02
84371.1614	0.000000E+00	1.665528E-01
84371.6497	0.000000E+00	-1.629874E-01
84372.1379	0.000000E+00	3.837530E-01
84372.6262	0.000000E+00	1.217825E-01
84373.1144	0.000000E+00	-4.639023E-03
84373.6027	0.000000E+00	3.900980E-02
84374.0909	3.295029E-14	1.578178E-01
84374.5792	9.291981E-12	3.291070E-02
84375.0674	1.863503E-09	-1.354780E-01
84375.5557	1.920933E-07	-2.356920E-02
84376.0439	1.016250E-05	-1.211161E-01
84376.5322	2.759274E-04	1.880506E-01
84377.0204	3.844965E-03	-1.211913E-01
84377.5087	2.749675E-02	-5.945697E-02
84377.9969	1.009113E-01	2.779712E-01
84378.4852	1.900609E-01	3.899615E-01
84378.9734	1.837475E-01	-1.736848E-01
84379.4617	9.118414E-02	-2.417279E-01
84379.9499	2.322229E-02	1.785037E-01
84380.4382	3.035142E-03	2.053356E-02
84380.9264	2.145063E-04	-1.807827E-02
84381.4147	5.197609E-04	-3.203069E-01
84381.9030	1.233825E-02	1.854237E-01
84382.3912	1.523485E-01	3.541581E-01
84382.8795	9.644438E-01	1.210134E+00
84383.3677	3.126525E+00	3.288243E+00
84383.8560	5.202871E+00	5.279114E+00
84384.3442	4.465300E+00	4.380055E+00
84384.8325	1.972848E+00	1.847345E+00
84385.3207	4.466415E-01	2.929745E-01
84385.8090	5.180067E-02	4.378219E-01
84386.2972	3.081772E-03	-6.230520E-01
84386.7855	9.409669E-05	2.419793E-01
84387.2737	1.474648E-06	3.810708E-01
84387.7620	1.186164E-08	-7.337998E-02
84388.2502	4.896410E-11	-3.168933E-01
84388.7385	9.885081E-14	8.248718E-02
84389.2267	0.000000E+00	-2.685153E-01
84389.7150	0.000000E+00	-1.125317E-01
84390.2032	0.000000E+00	-3.978619E-01
84390.6915	0.000000E+00	-2.683271E-01
84391.1797	0.000000E+00	-6.674143E-02
84391.6680	0.000000E+00	1.597373E-02
84392.1562	0.000000E+00	2.136298E-01
84392.6445	0.000000E+00	-2.244708E-01
84393.1327	0.000000E+00	-2.729177E-01
84393.6210	0.000000E+00	1.277846E-02
84394.1093	0.000000E+00	-3.585226E-01
84394.5975	0.000000E+00	3.670132E-02
84395.0858	0.000000E+00	-1.741047E-01
84395.5740	0.000000E+00	1.351751E-01
84396.0623	0.000000E+00	-4.324449E-02
84396.5505	0.000000E+00	2.558148E-01
84397.0388	0.000000E+00	-7.059695E-01
84397.5270	0.000000E+00	1.698847E-01
84398.0153	0.000000E+00	1.000861E-01
84398.5035	0.000000E+00	2.455142E-01
84398.9918	0.000000E+00	2.460726E-01
84399.4800	0.000000E+00	-3.725741E-02
84399.9683	0.000000E+00	6.347591E-03
84400.4565	0.000000E+00	-1.467036E-01
84400.9448	0.000000E+00	-1.739417E-01
84401.4330	0.000000E+00	2.657424E-01
84401.9213	0.000000E+00	6.438610E-02
84402.4095	0.000000E+00	-1.966054E-01
84402.8978	0.000000E+00	-6.423810E-03
84403.3860	0.000000E+00	3.929411E-04
84403.8743	0.000000E+00	-1.947056E-02
84404.3625	0.000000E+00	-2.855671E-01
84404.8508	0.000000E+00	3.124561E-01
84405.3390	0.000000E+00	6.683400E-02
84405.8273	0.000000E+00	2.781345E-01
84406.3156	0.000000E+00	-2.694442E-02
84406.8038	0.000000E+00	-9.422665E-02
84407.2921	1.318010E-13	5.229461E-02
84407.7803	5.077633E-11	-3.439266E-01
84408.2686	1.035033E-08	-7.489264E-02
84408.7568	1.083120E-06	6.236877E-01
84409.2451	5.820124E-05	2.431928E-02
84409.7333	1.605908E-03	-1.185608E-01
84410.2216	2.275248E-02	2.720560E-02
84410.7098	1.654938E-01	3.990129E-01
84411.1981	6.177911E-01	8.026332E-01
84411.6863	1.183999E+00	1.491869E+00
84412.1746	1.166336E+00	1.251822E+00
84412.6628	5.905258E-01	7.850002E-01
84413.1511	1.534938E-01	3.539054E-01
84413.6393	2.057554E-02	1.607737E-01
84414.1276	4.359431E-03	-3.136582E-01
84414.6158	4.513473E-02	-3.086807E-02
84415.1041	3.528387E-01	1.226742E-01
84415.5923	1.416198E+00	1.281108E+00
84416.0806	2.916838E+00	3.211769E+00
84416.5688	3.092008E+00	2.480919E+00
84417.0571	1.687706E+00	1.560172E+00
84417.5453	4.729059E-01	1.436889E-01
84418.0336	6.795509E-02	1.215487E-01
84418.5219	5.011679E-03	4.479798E-01
84419.0101	1.897869E-04	-2.161722E-01
84419.4984	3.690714E-06	3.069635E-01
84419.9866	3.685872E-08	2.944976E-01
84420.4749	7.289909E-10	-2.164953E-02
84420.9631	8.189282E-08	2.528315E-01
84421.4514	6.378858E-06	1.797109E-01
84421.9396	2.551890E-04	-2.748410E-01
84422.4279	5.243206E-03	1.581345E-01
84422.9161	5.532461E-02	-4.790404E-02
84423.4044	2.997209E-01	5.047429E-01
84423.8926	8.335333E-01	7.981117E-01
84424.3809	1.190905E+00	1.023598E+00
84424.8691	8.748734E-01	1.272027E+00
84425.3574	3.302173E-01	2.915524E-01
84425.8456	6.398375E-02	2.883811E-01
84426.3339	6.365115E-03	1.273419E-02
84426.8221	3.251806E-04	1.212846E-01
84427.3104	8.532145E-06	-1.586690E-01
84427.7986	1.149770E-07	-3.034152E-01
84428.2869	7.957479E-10	-1.291930E-01
84428.7751	2.833719E-12	-7.044910E-02
84429.2634	0.000000E+00	-3.333411E-01
84429.7516	0.000000E+00	-1.220614E-01
84430.2399	0.000000E+00	1.443498E-01
84430.7282	0.000000E+00	5.818299E-02
84431.2164	0.000000E+00	9.576969E-02
84431.7047	0.000000E+00	-6.080487E-02
84432.1929	0.000000E+00	-1.231659E-01
84432.6812	0.000000E+00	7.050445E-02
84433.1694	0.000000E+00	-1.066187E-01
84433.6577	0.000000E+00	1.384453E-01
84434.1459	0.000000E+00	-4.257638E-01
84434.6342	0.000000E+00	-4.413437E-01
84435.1224	0.000000E+00	4.032985E-02
84435.6107	0.000000E+00	-4.852744E-02
84436.0989	0.000000E+00	-5.850095E-02
84436.5872	0.000000E+00	-7.848021E-02
84437.0754	0.000000E+00	-2.132792E-01
84437.5637	0.000000E+00	3.466696E-01
84438.0519	0.000000E+00	-1.212720E-01
84438.5402	0.000000E+00	3.325812E-01
84439.0284	0.000000E+00	1.503306E-01
84439.5167	0.000000E+00	1.340016E-02
84440.0049	0.000000E+00	-2.498322E-01
84440.4932	0.000000E+00	6.308380E-03
84440.9814	0.000000E+00	8.934891E-02
84441.4697	0.000000E+00	-1.773901E-01
84441.9580	0.000000E+00	2.360740E-01
84442.4462	0.000000E+00	-2.116209E-02
84442.9345	0.000000E+00	-3.036297E-01
84443.4227	0.000000E+00	6.188923E-02
84443.9110	0.000000E+00	-1.386925E-01
84444.3992	0.000000E+00	-1.902420E-02
84444.8875	0.000000E+00	-7.128349E-02
84445.3757	0.000000E+00	6.909810E-02
84445.8640	0.000000E+00	8.942166E-02
84446.3522	0.000000E+00	1.250535E-01
84446.8405	0.000000E+00	1.077086E-01
84447.3287	0.000000E+00	-2.560989E-02
84447.8170	6.590040E-13	1.147354E-01
84448.3052	2.349679E-10	-1.185791E-01
84448.7935	4.318400E-08	2.663066E-01
84449.2817	4.077917E-06	-6.513970E-02
84449.7700	1.978632E-04	-6.579893E-02
84450.2582	4.932877E-03	-1.110526E-01
84450.7465	6.318502E-02	3.256264E-01
84451.2347	4.156959E-01	6.012363E-01
84451.7230	1.405053E+00	1.370558E+00
84452.2112	2.458185E+00	2.525700E+00
84452.6995	2.343340E+00	2.612076E+00
84453.1877	1.614938E+00	1.208017E+00
84453.6760	1.386656E+00	1.612807E+00
84454.1643	1.136006E+00	1.154109E+00
84454.6525	5.883470E-01	6.599950E-01
84455.1408	4.476379E-01	5.440779E-01
84455.6290	1.198699E+00	1.126560E+00
84456.1173	2.314186E+00	2.208220E+00
84456.6055	2.332595E+00	2.248425E+00
84457.0938	1.211063E+00	1.448263E+00
84457.5820	3.229732E-01	5.276550E-01
84458.0703	4.421379E-02	1.236997E-01
84458.5585	3.108949E-03	-1.786345E-01
84459.0468	1.123259E-04	-2.144940E-01
84459.5350	2.085369E-06	1.699025E-01
84460.0233	1.989410E-08	-2.018479E-01
84460.5115	9.753254E-11	2.778384E-02
84460.9998	2.306513E-13	-2.117548E-01
84461.4880	0.000000E+00	-1.404926E-01
84461.9763	0.000000E+00	7.342603E-02
84462.4645	0.000000E+00	4.707943E-02
84462.9528	0.000000E+00	2.130593E-03
84463.4410	0.000000E+00	-6.830648E-02
84463.9293	0.000000E+00	-5.409689E-02
84464.4175	0.000000E+00	5.894887E-02
84464.9058	0.000000E+00	8.117774E-02
84465.3940	0.000000E+00	-9.061313E-02
84465.8823	0.000000E+00	8.127105E-02
84466.3706	0.000000E+00	-8.257954E-02
84466.8588	0.000000E+00	1.634169E-01
84467.3471	0.000000E+00	1.349044E-01
84467.8353	0.000000E+00	1.042653E-01
84468.3236	0.000000E+00	-1.983619E-01
84468.8118	0.000000E+00	-5.281753E-02
84469.3001	0.000000E+00	9.845294E-02
84469.7883	0.000000E+00	-1.493932E-01
84470.2766	0.000000E+00	-8.090370E-02
84470.7648	0.000000E+00	-1.617363E-01
84471.2531	0.000000E+00	-7.401536E-02
84471.7413	0.000000E+00	7.712055E-03
84472.2296	0.000000E+00	-2.953388E-01
84472.7178	0.000000E+00	1.796221E-01
84473.2061	5.272027E-13	-9.800612E-02
84473.6943	1.750972E-10	3.047992E-01
84474.1826	3.055818E-08	1.127802E-01
84474.6708	2.741494E-06	3.266211E-01
84475.1591	1.264247E-04	-3.360348E-02
84475.6473	2.996810E-03	-6.778792E-03
84476.1356	3.651311E-02	1.393652E-01
84476.6238	2.286162E-01	1.441994E-01
84477.1121	7.353925E-01	1.153842E+00
84477.6003	1.216004E+00	1.137000E+00
84478.0886	1.034715E+00	1.053599E+00
84478.5769	4.528820E-01	8.566369E-01
84479.0651	1.018508E-01	-2.686928E-01
84479.5534	1.176894E-02	-3.835283E-03
84480.0416	6.989356E-04	-3.960436E-01
84480.5299	2.133606E-05	-1.547811E-01
84481.0181	3.347922E-07	2.660426E-01
84481.5064	2.700364E-09	-1.011014E-01
84481.9946	1.120305E-11	3.341599E-01
84482.4829	3.295016E-14	-5.172387E-02
84482.9711	0.000000E+00	2.055912E-01
84483.4594	3.295015E-14	3.266160E-01
84483.9476	1.275171E-11	2.284990E-01
84484.4359	3.033259E-09	1.049094E-01
84484.9241	3.710028E-07	-7.662300E-02
84485.4124	2.332940E-05	-5.266565E-02
84485.9006	7.541986E-04	2.100405E-01
84486.3889	1.253477E-02	5.239018E-01
84486.8771	1.070884E-01	5.767723E-02
84487.3654	4.701416E-01	5.009335E-01
84487.8536	1.060728E+00	1.087767E+00
84488.3419	1.231243E+00	1.106459E+00
84488.8301	7.355777E-01	1.156352E+00
84489.3184	2.259329E-01	8.161473E-03
84489.8066	3.565769E-02	7.127964E-02
84490.2949	2.896002E-03	-8.173568E-02
84490.7832	3.327551E-04	4.577557E-02
84491.2714	6.533682E-03	-1.921088E-01
84491.7597	1.033676E-01	3.179196E-02
84492.2479	8.402461E-01	8.675302E-01
84492.7362	3.500284E+00	3.894541E+00
84493.2244	7.479864E+00	7.838086E+00
84493.7127	8.263201E+00	8.143276E+00
84494.2009	4.728423E+00	4.907802E+00
84494.6892	1.390613E+00	1.587397E+00
84495.1774	2.095037E-01	-2.456241E-01
84495.6657	1.620114E-02	-2.363599E-02
84496.1539	6.439648E-04	-1.022806E-01
84496.6422	1.316015E-05	3.246643E-02
84497.1304	1.382776E-07	-1.292262E-02
84497.6187	7.470126E-10	1.561022E-02
84498.1069	2.075859E-12	-1.046691E-02
84498.5952	0.000000E+00	8.306284E-02
84499.0834	0.000000E+00	3.911840E-02
84499.5717	0.000000E+00	-7.142926E-02
84500.0599	0.000000E+00	8.359080E-03
84500.5482	0.000000E+00	3.094744E-02
84501.0364	0.000000E+00	-1.129468E-01
84501.5247	0.000000E+00	-1.562717E-01
84502.0129	0.000000E+00	1.545014E-01
84502.5012	0.000000E+00	1.648916E-01
84502.9895	0.000000E+00	3.633234E-01
84503.4777	1.318005E-13	8.572331E-03
84503.9660	5.272021E-11	1.024061E-01
84504.4542	1.068701E-08	-6.879405E-02
84504.9425	1.114445E-06	-5.491887E-02
84505.4307	5.976584E-05	6.022758E-03
84505.9190	1.648310E-03	-2.810380E-01
84506.4072	2.337775E-02	1.604326E-01
84506.8955	1.704775E-01	7.392746E-03
84507.3837	6.389817E-01	6.654891E-01
84507.8720	1.231433E+00	1.029924E+00
84508.3602	1.221708E+00	1.214086E+00
84508.8485	6.239476E-01	5.893980E-01
84509.3367	1.638399E-01	2.757101E-01
84509.8250	2.211314E-02	-9.660403E-03
84510.3132	1.534564E-03	-2.866625E-03
84510.8015	5.477260E-05	1.162250E-01
84511.2897	2.187344E-06	-6.276473E-02
84511.7780	8.745767E-05	1.947994E-02
84512.2662	3.326780E-03	7.451613E-02
84512.7545	6.508667E-02	-8.413201E-02
84513.2427	6.543516E-01	4.114593E-01
84513.7310	3.371321E+00	3.186286E+00
84514.2192	8.890308E+00	9.049112E+00
84514.7075	1.210477E+01	1.191127E+01
84515.1958	8.576614E+00	8.539940E+00
84515.6840	3.135463E+00	3.081303E+00
84516.1723	5.866135E-01	1.012535E+00
84516.6605	5.625401E-02	3.073052E-01
84517.1488	2.772319E-03	-2.618366E-01
84517.6370	7.026406E-05	-1.433019E-01
84518.1253	9.159228E-07	-1.048449E-01
84518.6135	6.140748E-09	-3.523317E-01
84519.1018	2.118692E-11	-2.168499E-02
84519.5900	3.295011E-14	-1.570433E-01
84520.0783	0.000000E+00	6.058594E-02
84520.5665	0.000000E+00	6.551067E-02
84521.0548	0.000000E+00	1.825767E-01
84521.5430	0.000000E+00	3.399742E-01
84522.0313	0.000000E+00	-4.168638E-01
84522.5195	0.000000E+00	-1.949354E-01
84523.0078	0.000000E+00	2.748094E-02
84523.4960	0.000000E+00	-1.788064E-01
84523.9843	0.000000E+00	1.475752E-02
84524.4725	0.000000E+00	1.226490E-01
84524.9608	0.000000E+00	-9.398090E-02
84525.4490	0.000000E+00	-2.938736E-01
84525.9373	0.000000E+00	-1.165364E-01
84526.4255	0.000000E+00	3.312945E-01
84526.9138	0.000000E+00	-4.002331E-01
84527.4021	0.000000E+00	1.763494E-02
84527.8903	0.000000E+00	1.265590E-01
84528.3786	0.000000E+00	1.855823E-01
84528.8668	0.000000E+00	-7.069011E-02
84529.3551	0.000000E+00	-8.302053E-02
84529.8433	0.000000E+00	-1.468199E-01
84530.3316	0.000000E+00	1.322940E-01
84530.8198	0.000000E+00	-2.117078E-01
84531.3081	0.000000E+00	3.225712E-02
84531.7963	0.000000E+00	1.659885E-02
84532.2846	0.000000E+00	9.681528E-02
84532.7728	0.000000E+00	-2.632053E-03
84533.2611	0.000000E+00	6.352748E-02
84533.7493	0.000000E+00	-1.612856E-02
84534.2376	0.000000E+00	1.328622E-01
84534.7258	0.000000E+00	-8.175123E-02
84535.2141	0.000000E+00	-9.393761E-02
84535.7023	0.000000E+00	1.205314E-01
84536.1906	0.000000E+00	-4.455817E-02
84536.6788	0.000000E+00	2.341298E-01
84537.1671	0.000000E+00	4.172802E-02
84537.6553	0.000000E+00	-1.758721E-01
84538.1436	0.000000E+00	-1.691970E-02
84538.6318	0.000000E+00	6.464727E-02
84539.1201	0.000000E+00	6.582628E-02
84539.6084	0.000000E+00	2.059497E-01
84540.0966	0.000000E+00	-2.606940E-01
84540.5849	0.000000E+00	2.542885E-01
84541.0731	0.000000E+00	1.896775E-02
84541.5614	0.000000E+00	1.050948E-01
84542.0496	0.000000E+00	-1.685084E-01
84542.5379	9.885025E-14	1.367926E-01
84543.0261	4.580061E-11	8.480951E-02
84543.5144	1.053058E-08	5.052805E-02
84544.0026	1.245891E-06	-1.214520E-01
84544.4909	7.585208E-05	-3.905402E-02
84544.9791	2.376365E-03	-1.340640E-01
84545.4674	3.830841E-02	-8.951345E-02
84545.9556	3.176559E-01	1.392631E-02
84546.4439	1.353706E+00	1.399687E+00
84546.9321	2.965684E+00	3.198281E+00
84547.4204	3.350333E+00	3.269797E+00
84547.9086	1.953551E+00	1.813752E+00
84548.3969	5.861323E-01	8.206022E-01
84548.8851	9.036198E-02	8.766685E-02
84549.3734	7.164954E-03	2.689843E-01
84549.8616	3.636804E-04	7.791780E-02
84550.3499	1.997849E-03	3.016397E-01
84550.8381	2.856055E-02	1.599462E-01
84551.3264	2.107104E-01	3.406232E-01
84551.8147	7.994739E-01	5.604925E-01
84552.3029	1.560599E+00	2.006428E+00
84552.7912	1.569735E+00	1.572040E+00
84553.2794	8.136155E-01	8.907583E-01
84553.7677	2.169652E-01	1.641092E-01
84554.2559	2.975479E-02	3.292490E-01
84554.7442	2.099438E-03	2.026615E-01
84555.2324	7.623006E-05	-2.415400E-01
84555.7207	1.424440E-06	1.951903E-01
84556.2089	1.369803E-08	3.051710E-01
84556.6972	6.777829E-11	3.076921E-03
84557.1854	1.647503E-13	1.181154E-01
84557.6737	0.000000E+00	-6.185143E-02
84558.1619	0.000000E+00	-1.186783E-01
84558.6502	0.000000E+00	2.129329E-01
84559.1384	0.000000E+00	2.244936E-02
84559.6267	0.000000E+00	1.045453E-01
84560.1149	0.000000E+00	3.133308E-01
84560.6032	0.000000E+00	-2.443886E-01
84561.0914	0.000000E+00	6.782827E-02
84561.5797	0.000000E+00	1.576616E-01
84562.0679	0.000000E+00	-7.738647E-03
84562.5562	1.133482E-11	4.172529E-01
84563.0444	4.108576E-09	1.303129E-01
84563.5327	7.661084E-07	-3.623248E-01
84564.0210	7.353316E-05	-1.981613E-02
84564.5092	3.633032E-03	8.763902E-02
84564.9975	9.238220E-02	1.985288E-01
84565.4857	1.207121E+00	1.255789E+00
84565.9740	8.040080E+00	7.973239E+00
84566.4622	2.696861E+01	2.711779E+01
84566.9505	4.642309E+01	4.630039E+01
84567.4387	4.295389E+01	4.317663E+01
84567.9270	2.115941E+01	2.131003E+01
84568.4152	5.298007E+00	5.215706E+00
84568.9035	6.693847E-01	5.001592E-01
84569.3917	4.323922E-02	3.702503E-02
84569.8800	1.436307E-03	-1.821694E-01
84570.3682	2.455743E-05	-1.479425E-01
84570.8565	2.161289E-07	2.694864E-02
84571.3447	9.791107E-10	-1.351623E-01
84571.8330	2.273553E-12	4.413234E-03
84572.3212	0.000000E+00	1.564867E-01
84572.8095	0.000000E+00	-1.986983E-01
84573.2977	0.000000E+00	-2.493922E-01
84573.7860	0.000000E+00	4.472379E-02
84574.2742	0.000000E+00	-1.029365E-01
84574.7625	0.000000E+00	-2.458763E-01
84575.2507	0.000000E+00	1.306255E-01
84575.7390	0.000000E+00	1.040921E-01
84576.2273	0.000000E+00	-1.361242E-01
84576.7155	0.000000E+00	2.344560E-01
84577.2038	0.000000E+00	-1.750085E-01
84577.6920	0.000000E+00	9.494913E-02
84578.1803	0.000000E+00	-5.983381E-02
84578.6685	0.000000E+00	1.502554E-01
84579.1568	0.000000E+00	-8.767562E-02
84579.6450	0.000000E+00	-9.851218E-02
84580.1333	0.000000E+00	2.284263E-02
84580.6215	0.000000E+00	-1.859913E-01
84581.1098	0.000000E+00	-2.941380E-01
84581.5980	0.000000E+00	4.496401E-02
84582.0863	0.000000E+00	1.110722E-01
84582.5745	0.000000E+00	-4.053715E-01
84583.0628	0.000000E+00	2.656216E-01
84583.5510	0.000000E+00	1.157633E-01
84584.0393	0.000000E+00	-3.382773E-01
84584.5275	0.000000E+00	-4.702654E-01
84585.0158	0.000000E+00	-4.106431E-01
84585.5040	0.000000E+00	4.928221E-02
84585.9923	0.000000E+00	-3.203633E-01
84586.4805	0.000000E+00	7.783596E-02
84586.9688	0.000000E+00	3.135517E-01
84587.4570	0.000000E+00	3.863810E-01
84587.9453	0.000000E+00	1.467947E-01
84588.4336	0.000000E+00	1.331198E-02
84588.9218	0.000000E+00	1.407478E-01
84589.4101	0.000000E+00	3.548010E-01
84589.8983	0.000000E+00	3.289491E-03
84590.3866	0.000000E+00	-6.675749E-02
84590.8748	0.000000E+00	-1.405380E-01
84591.3631	0.000000E+00	6.364090E-02
84591.8513	0.000000E+00	4.675617E-02
84592.3396	0.000000E+00	-4.534068E-02
84592.8278	0.000000E+00	-2.174713E-01
84593.3161	0.000000E+00	1.983402E-01
84593.8043	0.000000E+00	-8.600256E-02
84594.2926	0.000000E+00	1.505055E-01
84594.7808	0.000000E+00	3.610863E-01
84595.2691	0.000000E+00	2.180475E-01
84595.7573	0.000000E+00	-4.228583E-02
84596.2456	0.000000E+00	2.215863E-01
84596.7338	0.000000E+00	-3.201931E-03
84597.2221	0.000000E+00	-8.633917E-02
84597.7103	0.000000E+00	3.558028E-03
84598.1986	0.000000E+00	7.230654E-02
84598.6868	0.000000E+00	-9.964700E-02
84599.1751	0.000000E+00	5.290097E-02
84599.6633	0.000000E+00	-1.095829E-01
84600.1516	0.000000E+00	-5.389638E-02
84600.6399	0.000000E+00	1.153311E-01
84601.1281	0.000000E+00	2.822223E-02
84601.6164	0.000000E+00	3.045667E-01
84602.1046	0.000000E+00	3.759034E-01
84602.5929	0.000000E+00	3.717956E-03
84603.0811	0.000000E+00	-1.878453E-01
84603.5694	0.000000E+00	-1.709610E-01
84604.0576	0.000000E+00	-3.758283E-01
84604.5459	0.000000E+00	-3.019428E-01
84605.0341	0.000000E+00	9.967733E-02
84605.5224	0.000000E+00	-2.303920E-02
84606.0106	0.000000E+00	9.006048E-02
84606.4989	0.000000E+00	-7.744188E-03
84606.9871	0.000000E+00	4.198098E-01
84607.4754	0.000000E+00	7.298622E-02
84607.9636	0.000000E+00	-7.108201E-02
84608.4519	0.000000E+00	-1.281697E-01
84608.9401	0.000000E+00	-3.007241E-02
84609.4284	0.000000E+00	-9.508157E-02
84609.9166	0.000000E+00	7.499715E-02
84610.4049	0.000000E+00	-3.842533E-01
84610.8931	0.000000E+00	5.704101E-02
84611.3814	0.000000E+00	-2.596732E-01
84611.8696	0.000000E+00	2.839579E-01
84612.3579	0.000000E+00	1.642739E-01
84612.8462	0.000000E+00	-1.494154E-01
84613.3344	0.000000E+00	2.026683E-01
84613.8227	0.000000E+00	-3.059119E-01
84614.3109	0.000000E+00	1.912832E-01
84614.7992	0.000000E+00	6.340836E-02
84615.2874	0.000000E+00	2.405557E-01
84615.7757	0.000000E+00	-1.909588E-01
84616.2639	0.000000E+00	-1.310361E-01
84616.7522	0.000000E+00	2.760050E-02
84617.2404	0.000000E+00	3.784791E-02
84617.7287	0.000000E+00	4.658191E-02
84618.2169	0.000000E+00	-3.682015E-01
84618.7052	0.000000E+00	8.104072E-02
84619.1934	0.000000E+00	-1.363214E-01
84619.6817	0.000000E+00	-3.337602E-01
84620.1699	0.000000E+00	1.957991E-01
84620.6582	0.000000E+00	8.467366E-02
84621.1464	0.000000E+00	4.328984E-01
84621.6347	0.000000E+00	-1.624665E-02
84622.1229	0.000000E+00	-1.821015E-01
84622.6112	0.000000E+00	1.637641E-02
84623.0994	0.000000E+00	-2.163200E-01
84623.5877	0.000000E+00	-1.412872E-01
84624.0759	0.000000E+00	-5.801521E-02
84624.5642	0.000000E+00	6.827371E-02
84625.0525	0.000000E+00	-2.291699E-01
84625.5407	0.000000E+00	-1.939776E-01
84626.0290	0.000000E+00	-1.264790E-01
84626.5172	0.000000E+00	4.165711E-01
84627.0055	0.000000E+00	2.536998E-02
84627.4937	0.000000E+00	-3.088023E-01
84627.9820	0.000000E+00	4.950808E-02
84628.4702	0.000000E+00	-3.534466E-01
84628.9585	0.000000E+00	-3.837558E-01
84629.4467	0.000000E+00	1.825972E-01
84629.9350	0.000000E+00	-4.207313E-02
84630.4232	0.000000E+00	2.893450E-01
84630.9115	0.000000E+00	1.613058E-01
84631.3997	0.000000E+00	3.150914E-01
84631.8880	0.000000E+00	-1.321281E-01
84632.3762	0.000000E+00	-1.128968E-01
84632.8645	0.000000E+00	1.197562E-01
84633.3527	0.000000E+00	1.461695E-01
84633.8410	0.000000E+00	-1.590866E-01
84634.3292	0.000000E+00	3.102922E-01
84634.8175	0.000000E+00	6.636058E-02
84635.3057	0.000000E+00	-6.624928E-03
84635.7940	0.000000E+00	-4.872595E-01
84636.2823	0.000000E+00	-1.051020E-01
84636.7705	0.000000E+00	1.228865E-01
84637.2588	0.000000E+00	-2.590309E-02
84637.7470	0.000000E+00	1.781302E-01
84638.2353	0.000000E+00	1.006662E-01
84638.7235	0.000000E+00	1.790421E-01
84639.2118	0.000000E+00	2.330160E-01
84639.7000	0.000000E+00	5.302623E-01
84640.1883	0.000000E+00	6.663881E-02
84640.6765	0.000000E+00	-2.025122E-01
84641.1648	0.000000E+00	-3.591337E-01
84641.6530	0.000000E+00	-1.365048E-03
84642.1413	0.000000E+00	1.288608E-01
84642.6295	0.000000E+00	4.789727E-02
84643.1178	0.000000E+00	1.470619E-01
84643.6060	0.000000E+00	-3.924275E-01
84644.0943	0.000000E+00	1.768867E-01
84644.5825	0.000000E+00	-1.902320E-01
84645.0708	0.000000E+00	5.910658E-02
84645.5590	0.000000E+00	4.134915E-01
84646.0473	0.000000E+00	-1.246973E-01
84646.5355	0.000000E+00	2.126012E-01
84647.0238	0.000000E+00	1.645055E-01
84647.5120	0.000000E+00	-4.022113E-01
84648.0003	0.000000E+00	8.588176E-02
84648.4886	0.000000E+00	3.264838E-01
84648.9768	0.000000E+00	1.512930E-01
84649.4651	0.000000E+00	3.650422E-01
84649.9533	0.000000E+00	-5.957426E-02
84650.4416	0.000000E+00	-1.290607E-01
84650.9298	0.000000E+00	2.439270E-01
84651.4181	0.000000E+00	-1.507162E-01
84651.9063	0.000000E+00	-4.432288E-01
84652.3946	0.000000E+00	-2.750512E-01
84652.8828	0.000000E+00	-1.415907E-01
84653.3711	0.000000E+00	-1.031460E-01
84653.8593	0.000000E+00	-1.119321E-01
84654.3476	0.000000E+00	-3.234645E-01
84654.8358	0.000000E+00	-3.664599E-02
84655.3241	0.000000E+00	2.491505E-02
84655.8123	0.000000E+00	-5.775786E-01
84656.3006	0.000000E+00	3.255223E-02
84656.7888	0.000000E+00	-2.238697E-01
84657.2771	0.000000E+00	-7.356064E-02
84657.7653	0.000000E+00	1.570638E-01
84658.2536	0.000000E+00	2.479550E-01
84658.7418	0.000000E+00	-1.659965E-01
84659.2301	0.000000E+00	-8.771136E-02
84659.7183	0.000000E+00	-7.177535E-02
84660.2066	0.000000E+00	-1.391598E-01
84660.6949	0.000000E+00	1.886838E-01
84661.1831	0.000000E+00	-4.785756E-02
84661.6714	0.000000E+00	4.010288E-01
84662.1596	0.000000E+00	-1.764098E-02
84662.6479	0.000000E+00	-4.549542E-01
84663.1361	0.000000E+00	-3.399657E-02
84663.6244	0.000000E+00	-4.138648E-01
84664.1126	0.000000E+00	-2.375745E-01
84664.6009	0.000000E+00	7.833970E-02
84665.0891	0.000000E+00	-2.863105E-01
84665.5774	0.000000E+00	2.082379E-01
84666.0656	0.000000E+00	-3.144870E-02
84666.5539	0.000000E+00	-4.986693E-01
84667.0421	0.000000E+00	-3.546102E-01
84667.5304	0.000000E+00	-7.902017E-02
84668.0186	0.000000E+00	2.012616E-01
84668.5069	1.054398E-12	-2.980535E-02
84668.9951	3.874582E-10	1.483073E-01
84669.4834	7.266266E-08	2.634719E-02
84669.9716	7.026104E-06	-1.554827E-01
84670.4599	3.502955E-04	2.312437E-01
84670.9481	9.004618E-03	-2.345086E-01
84671.4364	1.193270E-01	2.636665E-01
84671.9246	8.145170E-01	9.077288E-01
84672.4129	2.860115E+00	2.806848E+00
84672.9012	5.175764E+00	5.353241E+00
84673.3894	4.851064E+00	4.693841E+00
84673.8777	2.353000E+00	2.717510E+00
84674.3659	5.877250E-01	5.664885E-01
84674.8542	7.553035E-02	1.610824E-02
84675.3424	5.001062E-03	3.437631E-03
84675.8307	1.707150E-04	2.835215E-01
84676.3189	3.004656E-06	9.818596E-02
84676.8072	2.726682E-08	-3.365028E-01
84677.2954	1.275821E-10	-2.253806E-01
84677.7837	2.965493E-13	4.646376E-02
84678.2719	0.000000E+00	-3.120650E-01
84678.7602	0.000000E+00	5.516731E-02
84679.2484	0.000000E+00	-1.010734E-01
84679.7367	0.000000E+00	-2.442126E-01
84680.2249	0.000000E+00	-7.992051E-02
84680.7132	0.000000E+00	1.395398E-02
84681.2014	0.000000E+00	-3.846002E-01
84681.6897	0.000000E+00	-2.494661E-01
84682.1779	0.000000E+00	3.444809E-01
84682.6662	0.000000E+00	-9.533142E-02
84683.1544	0.000000E+00	-1.154968E-01
84683.6427	0.000000E+00	-2.221700E-01
84684.1309	0.000000E+00	-1.432874E-01
84684.6192	0.000000E+00	-2.427394E-01
84685.1075	0.000000E+00	1.495557E-01
84685.5957	0.000000E+00	-1.790564E-01
84686.0840	0.000000E+00	-1.866849E-02
84686.5722	0.000000E+00	7.181947E-02
84687.0605	0.000000E+00	1.324250E-01
84687.5487	0.000000E+00	1.718833E-02
84688.0370	0.000000E+00	-3.840843E-01
84688.5252	0.000000E+00	2.118698E-02
84689.0135	0.000000E+00	2.805364E-01
84689.5017	0.000000E+00	-4.282768E-01
84689.9900	0.000000E+00	-5.725969E-02
84690.4782	0.000000E+00	-7.352888E-02
84690.9665	0.000000E+00	5.814311E-02
84691.4547	0.000000E+00	6.456041E-02
84691.9430	0.000000E+00	-1.980161E-01
84692.4312	0.000000E+00	-3.247655E-02
84692.9195	0.000000E+00	6.387343E-01
84693.4077	0.000000E+00	-1.791808E-01
84693.8960	0.000000E+00	-2.206548E-01
84694.3842	1.416846E-12	-2.931339E-01
84694.8725	4.156630E-10	-3.992320E-01
84695.3607	6.295506E-08	-2.235238E-01
84695.8490	4.918112E-06	1.667755E-01
84696.3372	1.981791E-04	1.332193E-01
84696.8255	4.119134E-03	-5.487471E-01
84697.3138	4.415900E-02	-6.444472E-02
84697.8020	2.441221E-01	3.076201E-01
84698.2903	6.958282E-01	5.771668E-01
84698.7785	1.023244E+00	1.029738E+00
84699.2668	7.769071E-01	6.145659E-01
84699.7550	3.043799E-01	1.341691E-01
84700.2433	6.148738E-02	-2.232461E-02
84700.7315	6.404867E-03	-1.357232E-01
84701.2198	3.441042E-04	1.266416E-01
84701.7080	9.535801E-06	1.755843E-01
84702.1963	1.363063E-07	4.116773E-02
84702.6845	1.005005E-09	2.327326E-01
84703.1728	3.822187E-12	-1.558666E-01
84703.6610	0.000000E+00	5.427091E-02
84704.1493	0.000000E+00	6.020270E-03
84704.6375	0.000000E+00	-6.194332E-02
84705.1258	0.000000E+00	-1.662978E-01
84705.6140	0.000000E+00	6.989520E-02
84706.1023	0.000000E+00	-2.283087E-01
84706.5905	0.000000E+00	-1.135255E-01
84707.0788	0.000000E+00	-1.050358E-01
84707.5670	0.000000E+00	1.258402E-01
84708.0553	0.000000E+00	8.415423E-02
84708.5435	0.000000E+00	-5.140021E-01
84709.0318	0.000000E+00	-1.143912E-01
84709.5201	1.186196E-12	-2.469683E-01
84710.0083	3.483791E-10	1.851803E-03
84710.4966	5.293467E-08	-1.245396E-02
84710.9848	4.149841E-06	-1.562403E-02
84711.4731	1.678483E-04	2.128724E-02
84711.9613	3.502630E-03	-1.115744E-01
84712.4496	3.770887E-02	1.450567E-01
84712.9378	2.094047E-01	2.629820E-01
84713.4261	5.997405E-01	5.265460E-01
84713.9143	8.863607E-01	5.506111E-01
84714.4026	6.764194E-01	7.112569E-01
84714.8908	2.664173E-01	4.198828E-01
84715.3791	5.412004E-02	-1.688396E-01
84715.8673	5.670590E-03	8.943519E-03
84716.3556	3.065217E-04	3.626773E-02
84716.8438	8.548399E-06	-9.573786E-02
84717.3321	1.229993E-07	6.209046E-02
84717.8203	9.131068E-10	-2.274168E-01
84718.3086	3.492686E-12	4.140342E-02
84718.7968	0.000000E+00	1.764896E-01
84719.2851	0.000000E+00	7.385817E-03
84719.7733	0.000000E+00	-9.585483E-02
84720.2616	0.000000E+00	-1.139777E-01
84720.7498	0.000000E+00	3.851794E-02
84721.2381	6.589973E-14	7.649126E-02
84721.7264	2.573384E-11	4.554566E-03
84722.2146	6.142876E-09	2.252425E-01
84722.7029	7.568938E-07	-3.817404E-02
84723.1911	4.812526E-05	1.813073E-01
84723.6794	1.579015E-03	1.307469E-02
84724.1676	2.673365E-02	3.935501E-03
84724.6559	2.334927E-01	-6.775214E-02
84725.1441	1.051275E+00	7.229403E-01
84725.6324	2.440136E+00	2.792908E+00
84726.1206	2.927183E+00	2.834638E+00
84726.6089	1.816932E+00	1.787826E+00
84727.0971	5.820928E-01	8.740771E-01
84727.5854	9.611061E-02	2.332781E-01
84728.0736	8.183422E-03	-1.872375E-01
84728.5619	3.595142E-04	1.058050E-01
84729.0501	8.150193E-06	9.680303E-02
84729.5384	9.534446E-08	-1.803939E-01
84730.0266	5.755681E-10	7.388546E-03
84730.5149	1.779292E-12	-1.412492E-01
84731.0031	0.000000E+00	-3.253118E-01
84731.4914	0.000000E+00	2.314611E-01
84731.9796	0.000000E+00	-1.729529E-01
84732.4679	0.000000E+00	2.177320E-04
84732.9561	0.000000E+00	-3.063602E-02
84733.4444	0.000000E+00	-2.077117E-01
84733.9327	0.000000E+00	-1.963176E-02
84734.4209	0.000000E+00	-9.499416E-02
84734.9092	0.000000E+00	-9.238379E-03
84735.3974	0.000000E+00	-4.179804E-02
84735.8857	0.000000E+00	2.668350E-01
84736.3739	0.000000E+00	1.187719E-01
84736.8622	0.000000E+00	-7.647848E-02
84737.3504	0.000000E+00	2.296577E-01
84737.8387	0.000000E+00	-4.983381E-02
84738.3269	0.000000E+00	1.750075E-01
84738.8152	0.000000E+00	-9.376621E-02
84739.3034	0.000000E+00	2.252007E-01
84739.7917	0.000000E+00	7.725624E-02
84740.2799	0.000000E+00	1.270347E-01
84740.7682	0.000000E+00	-1.325125E-01
84741.2564	0.000000E+00	9.905945E-02
84741.7447	0.000000E+00	7.181758E-02
84742.2329	0.000000E+00	3.445941E-01
84742.7212	0.000000E+00	-9.848649E-02
84743.2094	0.000000E+00	3.884704E-01
84743.6977	0.000000E+00	-1.421429E-01
84744.1859	0.000000E+00	1.054197E-01
84744.6742	0.000000E+00	-1.784172E-01
84745.1624	0.000000E+00	-1.452389E-01
84745.6507	0.000000E+00	2.055520E-01
84746.1390	0.000000E+00	-2.996815E-01
84746.6272	0.000000E+00	2.112147E-01
84747.1155	0.000000E+00	-6.673691E-02
84747.6037	1.285043E-12	-1.608509E-01
84748.0920	3.605041E-10	-2.176980E-01
84748.5802	5.272401E-08	3.661095E-02
84749.0685	3.980646E-06	-1.491500E-01
84749.5567	1.551497E-04	1.379375E-01
84750.0450	3.121753E-03	2.764323E-01
84750.5332	3.242496E-02	3.802889E-01
84751.0215	1.738324E-01	3.887925E-02
84751.5097	4.809643E-01	3.879684E-01
84751.9980	6.871021E-01	8.306662E-01
84752.4862	5.070668E-01	5.752839E-01
84752.9745	1.932232E-01	2.110403E-01
84753.4627	3.800054E-02	-2.182088E-02
84753.9510	3.857305E-03	2.657630E-02
84754.4392	2.021195E-04	1.309940E-02
84754.9275	5.467420E-06	-6.755787E-02
84755.4157	7.634998E-08	-2.089197E-01
84755.9040	5.504268E-10	-2.997458E-01
84756.3922	2.042889E-12	1.357286E-01
84756.8805	0.000000E+00	5.365010E-02
84757.3687	0.000000E+00	2.690846E-01
84757.8570	0.000000E+00	1.566392E-01
84758.3453	0.000000E+00	-3.063744E-01
84758.8335	0.000000E+00	9.909645E-02
84759.3218	0.000000E+00	-2.377337E-01
84759.8100	0.000000E+00	-1.957544E-01
84760.2983	0.000000E+00	1.228030E-01
84760.7865	0.000000E+00	-1.087359E-01
84761.2748	0.000000E+00	-2.735479E-01
84761.7630	0.000000E+00	3.162033E-02
84762.2513	0.000000E+00	-3.559625E-02
84762.7395	0.000000E+00	-1.318036E-01
84763.2278	0.000000E+00	-6.437372E-02
84763.7160	0.000000E+00	-1.477155E-02
84764.2043	0.000000E+00	-1.822981E-01
84764.6925	0.000000E+00	-1.878608E-01
84765.1808	0.000000E+00	5.254756E-01
84765.6690	0.000000E+00	-4.752614E-01
84766.1573	0.000000E+00	-2.176493E-01
84766.6455	0.000000E+00	6.395464E-02
84767.1338	0.000000E+00	2.832962E-01
84767.6220	0.000000E+00	-1.941469E-01
84768.1103	0.000000E+00	-4.915621E-02
84768.5985	0.000000E+00	9.996911E-02
84769.0868	0.000000E+00	-2.822330E-01
84769.5750	0.000000E+00	-7.028517E-02
84770.0633	0.000000E+00	1.695175E-01
84770.5516	0.000000E+00	-8.246426E-04
84771.0398	0.000000E+00	2.005779E-01
84771.5281	0.000000E+00	5.017057E-02
84772.0163	0.000000E+00	-6.997718E-02
84772.5046	0.000000E+00	5.090099E-01
84772.9928	0.000000E+00	-3.095181E-01
84773.4811	0.000000E+00	2.540895E-01
84773.9693	0.000000E+00	-3.525374E-01
84774.4576	0.000000E+00	-9.486656E-02
84774.9458	0.000000E+00	-2.586659E-01
84775.4341	1.021444E-12	-9.567363E-02
84775.9223	3.856774E-10	-1.602517E-03
84776.4106	7.616629E-08	-9.707615E-02
84776.8988	7.768333E-06	2.493466E-01
84777.3871	4.091995E-04	1.167187E-01
84777.8753	1.113210E-02	2.967715E-01
84778.3636	1.563735E-01	3.165952E-01
84778.8518	1.132876E+00	8.363863E-01
84779.3401	4.223582E+00	4.374386E+00
84779.8283	8.120797E+00	8.452327E+00
84780.3166	8.118254E+00	8.406518E+00
84780.8048	4.219588E+00	4.229759E+00
84781.2931	1.131081E+00	1.225555E+00
84781.7813	1.560263E-01	3.102371E-01
84782.2696	1.110032E-02	1.225173E-01
84782.7579	4.077723E-04	-1.123575E-01
84783.2461	7.736323E-06	-3.127110E-01
84783.7344	7.580425E-08	-3.897538E-02
84784.2226	3.836014E-10	5.018656E-02
84784.7109	9.884936E-13	-7.428811E-03
84785.1991	0.000000E+00	1.617605E-01
84785.6874	0.000000E+00	2.793578E-01
84786.1756	3.294979E-13	2.795730E-02
84786.6639	1.118316E-10	5.589685E-02
84787.1521	1.949741E-08	-2.195620E-01
84787.6404	1.756353E-06	5.303736E-02
84788.1286	8.177700E-05	-3.849237E-02
84788.6169	1.973568E-03	1.129065E-01
84789.1051	2.506501E-02	-1.695025E-02
84789.5934	1.807401E-01	2.491799E-01
84790.0816	9.647118E-01	9.697758E-01
84790.5699	5.086777E+00	4.861519E+00
84791.0581	2.077963E+01	2.073636E+01
84791.5464	4.842178E+01	4.847086E+01
84792.0346	6.189923E+01	6.198477E+01
84792.5229	4.859258E+01	4.859668E+01
84793.0111	4.119491E+01	4.097677E+01
84793.4994	5.682385E+01	5.652541E+01
84793.9876	5.968229E+01	5.966261E+01
84794.4759	3.564905E+01	3.514969E+01
84794.9642	1.129794E+01	1.137419E+01
84795.4524	2.186441E+00	2.008644E+00
84795.9407	4.794600E-01	2.515898E-01
84796.4289	1.304054E-01	6.509886E-01
84796.9172	2.344023E-02	-2.183481E-01
84797.4054	2.250271E-03	-3.446258E-01
84797.8937	1.120253E-04	-5.869456E-02
84798.3819	2.882253E-06	1.196970E-01
84798.8702	3.831030E-08	-3.366287E-01
84799.3584	2.630710E-10	-2.415359E-02
84799.8467	9.225935E-13	5.714888E-03
84800.3349	0.000000E+00	-3.354820E-01
84800.8232	0.000000E+00	1.157280E-01
84801.3114	0.000000E+00	1.278113E-01
84801.7997	3.822173E-12	-1.942167E-01
84802.2879	1.177658E-09	-1.697726E-01
84802.7762	1.871334E-07	-4.935699E-03
84803.2644	1.536424E-05	9.952768E-02
84803.7527	6.517780E-04	2.316046E-01
84804.2409	1.428719E-02	-4.804006E-01
84804.7292	1.618661E-01	-5.776195E-02
84805.2174	9.490929E-01	7.959012E-01
84805.7057	2.908628E+00	2.320908E+00
84806.1939	4.907102E+00	4.828487E+00
84806.6822	5.480058E+00	5.618524E+00
84807.1705	5.450890E+00	5.643641E+00
84807.6587	4.579352E+00	4.783320E+00
84808.1470	2.406171E+00	2.275171E+00
84808.6352	6.832944E-01	5.368909E-01
84809.1235	1.010270E-01	-1.800672E-02
84809.6117	7.726425E-03	-3.051203E-02
84810.1000	3.053895E-04	6.206784E-03
84810.5882	6.239336E-06	-4.732569E-02
84811.0765	3.704574E-07	-2.578785E-01
84811.5647	2.194640E-05	8.884273E-02
84812.0530	8.169638E-04	-1.734419E-01
84812.5412	1.571500E-02	-2.782610E-01
84813.0295	1.561741E-01	-7.279618E-02
84813.5177	8.013259E-01	9.247606E-01
84814.0060	2.122202E+00	2.138415E+00
84814.4942	2.906912E+00	2.760601E+00
84814.9825	2.063251E+00	2.095841E+00
84815.4707	7.573298E-01	8.436729E-01
84815.9590	1.434775E-01	2.293150E-01
84816.4472	1.403469E-02	1.647113E-01
84816.9355	7.092705E-04	6.020467E-02
84817.4237	1.852196E-05	-2.006316E-01
84817.9120	2.499407E-07	6.241541E-02
84818.4003	1.742844E-09	-8.039854E-02
84818.8885	6.293402E-12	-3.492131E-01
84819.3768	0.000000E+00	5.361947E-01
84819.8650	0.000000E+00	-3.889463E-01
84820.3533	0.000000E+00	6.163900E-02
84820.8415	0.000000E+00	1.691842E-01
84821.3298	0.000000E+00	-1.935307E-01
84821.8180	0.000000E+00	1.102034E-01
84822.3063	0.000000E+00	-1.465953E-01
84822.7945	0.000000E+00	-3.773459E-02
84823.2828	0.000000E+00	2.582972E-01
84823.7710	0.000000E+00	-1.871985E-01
84824.2593	0.000000E+00	2.578161E-01
84824.7475	0.000000E+00	-3.207082E-02
84825.2358	0.000000E+00	1.548669E-01
84825.7240	0.000000E+00	1.496199E-01
84826.2123	0.000000E+00	1.037723E-01
84826.7005	0.000000E+00	-4.770063E-01
84827.1888	0.000000E+00	-2.728469E-01
84827.6770	0.000000E+00	2.728012E-02
84828.1653	0.000000E+00	1.204100E-01
84828.6535	0.000000E+00	4.577409E-01
84829.1418	0.000000E+00	4.640662E-02
84829.6300	0.000000E+00	-2.956695E-01
84830.1183	0.000000E+00	4.197166E-01
84830.6066	0.000000E+00	-1.301809E-01
84831.0948	0.000000E+00	-1.842556E-01
84831.5831	0.000000E+00	-1.290709E-01
84832.0713	0.000000E+00	8.933588E-02
84832.5596	3.294973E-14	1.721759E-01
84833.0478	1.525572E-11	1.996180E-01
84833.5361	4.063888E-09	-1.163329E-01
84834.0243	5.593801E-07	-2.708131E-02
84834.5126	3.980193E-05	1.499534E-01
84835.0008	1.463964E-03	9.207587E-02
84835.4891	2.783357E-02	1.981295E-01
84835.9773	2.734495E-01	4.175601E-01
84836.4656	1.386689E+00	1.592624E+00
84836.9538	3.628072E+00	3.781712E+00
84837.4421	4.914754E+00	4.881019E+00
84837.9303	3.457718E+00	3.604101E+00
84838.4186	1.259066E+00	1.199081E+00
84838.9068	2.365199E-01	-2.381461E-01
84839.3951	2.293633E-02	3.583639E-01
84839.8833	1.149397E-03	9.442909E-02
84840.3716	2.977360E-05	-2.485486E-01
84840.8598	3.986778E-07	8.184502E-02
84841.3481	2.759572E-09	-8.437816E-02
84841.8363	9.884915E-12	1.548632E-02
84842.3246	3.294972E-14	9.795250E-02
84842.8129	0.000000E+00	-2.052649E-01
84843.3011	0.000000E+00	9.236359E-02
84843.7894	0.000000E+00	3.724856E-02
84844.2776	0.000000E+00	1.536891E-01
84844.7659	0.000000E+00	1.347834E-01
84845.2541	0.000000E+00	2.441116E-01
84845.7424	0.000000E+00	-1.108776E-01
84846.2306	0.000000E+00	2.873490E-01
84846.7189	0.000000E+00	1.113077E-02
84847.2071	0.000000E+00	1.065710E-01
84847.6954	0.000000E+00	1.482281E-01
84848.1836	0.000000E+00	1.243127E-01
84848.6719	0.000000E+00	1.842126E-01
84849.1601	0.000000E+00	1.165296E-01
84849.6484	0.000000E+00	-1.642768E-01
84850.1366	0.000000E+00	1.925189E-01
84850.6249	0.000000E+00	1.346466E-01
84851.1131	0.000000E+00	-1.145289E-01
84851.6014	0.000000E+00	-8.908490E-03
84852.0896	0.000000E+00	3.243016E-01
84852.5779	0.000000E+00	-2.721821E-01
84853.0661	0.000000E+00	-2.064085E-02
84853.5544	0.000000E+00	2.417554E-01
84854.0426	0.000000E+00	1.463462E-01
84854.5309	6.589941E-12	-2.922627E-02
84855.0192	1.537235E-09	2.582145E-01
84855.5074	1.857312E-07	-2.323431E-01
84855.9957	1.160391E-05	5.614399E-02
84856.4839	3.748854E-04	-4.926566E-02
84856.9722	6.262724E-03	1.273427E-01
84857.4604	5.409690E-02	-1.057688E-03
84857.9487	2.415796E-01	3.742709E-01
84858.4369	5.579108E-01	4.842149E-01
84858.9252	6.711565E-01	9.661831E-01
84859.4134	4.843752E-01	6.996007E-01
84859.9017	6.853672E-01	3.053432E-01
84860.3899	2.256487E+00	2.346077E+00
84860.8782	4.765838E+00	5.048823E+00
84861.3664	5.396526E+00	5.303114E+00
84861.8547	3.523758E+00	3.511222E+00
84862.3429	2.616904E+00	2.744903E+00
84862.8312	4.086142E+00	3.987905E+00
84863.3194	4.893718E+00	4.930628E+00
84863.8077	3.149208E+00	3.402740E+00
84864.2959	1.051067E+00	7.905823E-01
84864.7842	1.810611E-01	5.580315E-01
84865.2724	1.611062E-02	3.191186E-01
84865.7607	7.411305E-04	-1.387250E-01
84866.2489	1.764484E-05	6.934198E-02
84866.7372	1.634625E-06	-2.157978E-01
84867.2255	7.380277E-05	-1.703111E-02
84867.7137	1.986937E-03	1.018139E-01
84868.2020	2.766534E-02	3.489742E-01
84868.6902	1.991731E-01	2.695723E-01
84869.1785	7.411454E-01	7.447259E-01
84869.6667	1.426002E+00	1.419624E+00
84870.1550	1.420670E+00	1.258960E+00
84870.6432	7.328529E-01	3.864509E-01
84871.1315	1.954940E-01	5.188712E-01
84871.6197	2.764767E-02	-3.165293E-01
84872.1080	1.217919E-02	-2.540514E-01
84872.5962	7.780118E-02	-8.165751E-02
84873.0845	3.045549E-01	1.893364E-01
84873.5727	6.170920E-01	6.005759E-01
84874.0610	6.470227E-01	7.944159E-01
84874.5492	3.510978E-01	3.538665E-01
84875.0375	9.910406E-02	2.893577E-01
84875.5257	2.317641E-02	2.435526E-01
84876.0140	7.110860E-02	-1.053533E-01
84876.5022	2.856527E-01	4.366239E-01
84876.9905	6.023575E-01	7.619557E-01
84877.4787	6.573907E-01	6.947598E-01
84877.9670	3.713153E-01	2.284322E-01
84878.4552	1.084787E-01	7.916595E-02
84878.9435	1.638779E-02	-1.576915E-01
84879.4318	1.280382E-03	-2.321669E-03
84879.9200	5.174256E-05	1.580064E-01
84880.4083	1.081571E-06	-3.652938E-01
84880.8965	1.169397E-08	7.969813E-02
84881.3848	6.540509E-11	2.395347E-01
84881.8730	1.976980E-13	-1.432189E-01
84882.3613	0.000000E+00	8.799032E-02
84882.8495	0.000000E+00	-3.788247E-01
84883.3378	0.000000E+00	-2.114383E-01
84883.8260	0.000000E+00	3.498834E-01
84884.3143	0.000000E+00	-1.770476E-01
84884.8025	0.000000E+00	-4.422855E-02
84885.2908	0.000000E+00	3.729400E-01
84885.7790	0.000000E+00	-2.593307E-01
84886.2673	0.000000E+00	-8.902995E-03
84886.7555	0.000000E+00	1.932215E-01
84887.2438	0.000000E+00	-1.638417E-03
84887.7320	0.000000E+00	-1.275941E-01
84888.2203	0.000000E+00	-1.176927E-01
84888.7085	0.000000E+00	1.044678E-01
84889.1968	0.000000E+00	1.379177E-01
84889.6850	0.000000E+00	-2.304134E-01
84890.1733	1.976980E-13	-1.024904E-01
84890.6615	8.105616E-11	1.048750E-01
84891.1498	1.674393E-08	-2.447720E-01
84891.6381	1.789580E-06	-9.429890E-02
84892.1263	9.896079E-05	-3.696608E-02
84892.6146	2.831334E-03	2.598810E-01
84893.1028	4.190928E-02	1.925514E-01
84893.5911	3.208276E-01	4.778068E-01
84894.0793	1.269287E+00	1.287817E+00
84894.5676	2.596478E+00	2.876725E+00
84895.0558	2.753520E+00	2.543902E+00
84895.5441	1.514389E+00	1.618882E+00
84896.0323	4.308116E-01	6.656994E-01
84896.5206	6.333290E-02	7.704954E-02
84897.0088	4.814630E-03	1.829558E-01
84897.4971	1.893542E-04	1.850471E-01
84897.9853	3.853022E-06	-1.679890E-01
84898.4736	4.056448E-08	5.645918E-01
84898.9618	2.209603E-10	-3.978210E-01
84899.4501	6.260433E-13	-1.024964E-01
84899.9383	0.000000E+00	2.024840E-01
84900.4266	0.000000E+00	2.040538E-01
84900.9148	0.000000E+00	2.372247E-01
84901.4031	0.000000E+00	1.987046E-01
84901.8913	0.000000E+00	6.491783E-02
84902.3796	0.000000E+00	-1.462677E-01
84902.8678	0.000000E+00	-1.338233E-01
84903.3561	0.000000E+00	2.130265E-01
84903.8444	0.000000E+00	-4.660968E-02
84904.3326	0.000000E+00	6.002827E-02
84904.8209	0.000000E+00	3.279765E-02
84905.3091	0.000000E+00	-1.844433E-01
84905.7974	0.000000E+00	-4.187703E-01
84906.2856	0.000000E+00	1.078672E-01
84906.7739	0.000000E+00	-1.424288E-02
84907.2621	0.000000E+00	-7.197819E-02
84907.7504	0.000000E+00	3.016887E-01
84908.2386	0.000000E+00	-3.249140E-01
84908.7269	0.000000E+00	-1.371093E-01
84909.2151	0.000000E+00	-2.644111E-01
84909.7034	0.000000E+00	3.067579E-01
84910.1916	0.000000E+00	1.503326E-02
84910.6799	0.000000E+00	-3.505074E-01
84911.1681	0.000000E+00	-3.076990E-02
84911.6564	0.000000E+00	1.697234E-01
84912.1446	0.000000E+00	-1.532473E-01
84912.6329	0.000000E+00	2.524411E-01
84913.1211	0.000000E+00	2.958934E-01
84913.6094	0.000000E+00	1.003580E-01
84914.0976	0.000000E+00	-3.353652E-02
84914.5859	0.000000E+00	9.230918E-02
84915.0741	0.000000E+00	1.124527E-01
84915.5624	0.000000E+00	1.330842E-01
84916.0507	0.000000E+00	2.845766E-01
84916.5389	0.000000E+00	-1.297253E-01
84917.0272	0.000000E+00	1.557182E-01
84917.5154	0.000000E+00	-2.706774E-02
84918.0037	6.589925E-14	5.655817E-03
84918.4919	2.481107E-11	-2.067794E-01
84918.9802	6.295718E-09	2.146146E-01
84919.4684	8.267687E-07	2.525183E-02
84919.9567	5.619913E-05	1.510841E-01
84920.4449	1.977335E-03	-2.369239E-01
84920.9332	3.600923E-02	-8.066886E-02
84921.4214	3.392789E-01	4.551300E-01
84921.9097	1.651829E+00	1.761760E+00
84922.3979	4.154292E+00	4.267346E+00
84922.8862	5.419300E+00	5.782045E+00
84923.3744	3.678108E+00	3.676346E+00
84923.8627	1.293536E+00	9.754218E-01
84924.3509	2.349409E-01	6.334044E-01
84924.8392	2.205589E-02	-2.378700E-01
84925.3274	1.071412E-03	-2.654059E-01
84925.8157	2.693893E-05	1.043903E-01
84926.3039	3.505984E-07	-1.248061E-01
84926.7922	2.361828E-09	-1.253437E-01
84927.2804	8.237403E-12	5.187557E-02
84927.7687	0.000000E+00	3.416914E-02
84928.2570	0.000000E+00	5.126621E-02
84928.7452	0.000000E+00	-2.715889E-01
84929.2335	0.000000E+00	1.361140E-01
84929.7217	0.000000E+00	-4.538034E-02
84930.2100	0.000000E+00	-1.283476E-01
84930.6982	0.000000E+00	3.961605E-02
84931.1865	0.000000E+00	2.259902E-01
84931.6747	0.000000E+00	-5.216476E-01
84932.1630	0.000000E+00	1.399194E-02
84932.6512	0.000000E+00	-1.896235E-01
84933.1395	1.647480E-13	8.837462E-02
84933.6277	5.838670E-11	-1.099899E-02
84934.1160	1.093423E-08	-1.167267E-01
84934.6042	1.060097E-06	-1.853843E-01
84935.0925	5.321200E-05	9.571143E-02
84935.5807	1.382865E-03	-1.397752E-01
84936.0690	1.860565E-02	-6.255545E-02
84936.5572	1.295831E-01	-8.639978E-02
84937.0455	4.670819E-01	7.078792E-01
84937.5337	8.715555E-01	1.016511E+00
84938.0220	8.426006E-01	7.854102E-01
84938.5102	4.220397E-01	3.858608E-01
84938.9985	1.097220E-01	3.425129E-01
84939.4867	1.908059E-02	-1.395236E-01
84939.9750	3.400015E-02	3.181755E-01
84940.4633	1.280513E-01	4.888931E-01
84940.9515	2.572584E-01	1.981141E-01
84941.4398	2.677283E-01	2.057121E-02
84941.9280	1.442940E-01	-1.610262E-01
84942.4163	4.026414E-02	3.823072E-01
84942.9045	5.816582E-03	8.472728E-02
84943.3928	4.350371E-04	-6.493453E-02
84943.8810	1.684656E-05	-3.817560E-01
84944.3693	3.377740E-07	-4.989252E-02
84944.8575	3.506496E-09	-1.941665E-01
84945.3458	1.884717E-11	1.079349E-01
84945.8340	6.589918E-14	8.664535E-02
84946.3223	0.000000E+00	2.503075E-01
84946.8105	0.000000E+00	-2.913515E-01
84947.2988	0.000000E+00	6.992754E-02
84947.7870	0.000000E+00	4.097233E-01
84948.2753	0.000000E+00	3.825653E-01
84948.7635	0.000000E+00	5.995378E-02
84949.2518	0.000000E+00	-2.095724E-01
84949.7400	0.000000E+00	3.586398E-01
84950.2283	0.000000E+00	-4.889063E-01
84950.7165	0.000000E+00	-3.794336E-02
84951.2048	0.000000E+00	-6.850391E-03
84951.6930	5.206034E-12	1.806601E-01
84952.1813	1.201243E-09	1.088903E-01
84952.6696	1.434342E-07	-4.571713E-02
84953.1578	8.869586E-06	1.837818E-01
84953.6461	2.840424E-04	1.986157E-02
84954.1343	4.710743E-03	2.250954E-01
84954.6226	4.045780E-02	3.263778E-01
84955.1108	1.799156E-01	-2.821376E-01
84955.5991	4.142811E-01	4.980051E-01
84956.0873	4.941560E-01	3.601673E-01
84956.5756	3.053932E-01	1.868622E-01
84957.0638	9.774573E-02	-2.998411E-01
84957.5521	1.619845E-02	-7.748186E-02
84958.0403	1.390048E-03	2.518693E-01
84958.5286	6.177399E-05	-7.744581E-02
84959.0168	1.421707E-06	-1.236350E-01
84959.5051	1.694511E-08	-4.821385E-02
84959.9933	1.045819E-10	-2.123855E-01
84960.4816	3.294957E-13	9.734916E-02
84960.9698	0.000000E+00	3.896262E-02
84961.4581	0.000000E+00	7.444285E-02
84961.9463	0.000000E+00	-3.938720E-01
84962.4346	0.000000E+00	8.049922E-02
84962.9228	0.000000E+00	1.040671E-02
84963.4111	0.000000E+00	1.018366E-03
84963.8993	0.000000E+00	-2.008744E-01
84964.3876	0.000000E+00	-1.244260E-01
84964.8759	0.000000E+00	5.873145E-02
84965.3641	0.000000E+00	1.294972E-01
84965.8524	0.000000E+00	2.085570E-01
84966.3406	0.000000E+00	2.637566E-01
84966.8289	0.000000E+00	1.611233E-01
84967.3171	0.000000E+00	4.022390E-02
84967.8054	0.000000E+00	-4.439827E-01
84968.2936	0.000000E+00	2.676724E-01
84968.7819	0.000000E+00	1.209025E-01
84969.2701	0.000000E+00	2.765384E-01
84969.7584	0.000000E+00	9.541184E-02
84970.2466	0.000000E+00	4.022550E-02
84970.7349	0.000000E+00	-2.362100E-01
84971.2231	0.000000E+00	7.805949E-02
84971.7114	0.000000E+00	-1.428108E-01
84972.1996	0.000000E+00	-1.692914E-01
84972.6879	0.000000E+00	2.395841E-01
84973.1761	0.000000E+00	-1.454999E-02
84973.6644	0.000000E+00	1.599691E-01
84974.1526	0.000000E+00	-3.551103E-01
84974.6409	0.000000E+00	-1.106061E-01
84975.1291	0.000000E+00	1.414919E-01
84975.6174	0.000000E+00	4.377641E-01
84976.1056	0.000000E+00	1.627938E-01
84976.5939	0.000000E+00	3.370520E-01
84977.0822	0.000000E+00	2.140563E-01
84977.5704	0.000000E+00	6.862039E-02
84978.0587	0.000000E+00	-2.780733E-01
84978.5469	0.000000E+00	3.472840E-02
84979.0352	0.000000E+00	4.549522E-02
84979.5234	0.000000E+00	3.766053E-02
84980.0117	0.000000E+00	2.035132E-01
84980.4999	0.000000E+00	3.068673E-01
84980.9882	0.000000E+00	-5.286923E-03
84981.4764	0.000000E+00	-1.858710E-02
84981.9647	0.000000E+00	-9.224655E-02
84982.4529	0.000000E+00	-3.102510E-01
84982.9412	0.000000E+00	5.381108E-02
84983.4294	0.000000E+00	-4.353153E-01
84983.9177	0.000000E+00	-5.574222E-02
84984.4059	0.000000E+00	-1.591277E-01
84984.8942	0.000000E+00	-3.298219E-01
84985.3824	0.000000E+00	1.753839E-01
84985.8707	0.000000E+00	1.838844E-01
84986.3589	0.000000E+00	1.321325E-01
84986.8472	0.000000E+00	-3.280435E-01
84987.3354	0.000000E+00	-5.674346E-02
84987.8237	0.000000E+00	6.182890E-02
84988.3119	0.000000E+00	4.922043E-02
84988.8002	0.000000E+00	-3.905615E-01
