032504	84423.769	0.012	-5.0502	273.89962873631674	CH3OH, vt=0-2 --- 13 310 2    14 212 2   
032504	84521.172	0.012	-4.8557	40.3915355125978	CH3OH, vt=0-2 ---  5 1 5 2     4 0 4 1   
032504	84744.034	0.017	-5.3467	536.745723295493	CH3OH, vt=0-2 --- 19 415 1    18 513 1   
033502	84444.14	0.05	0.5141	269.0350946234681	*C-13-H3OH, vt=0,1 ---  13 -3 11  0 12 -4  9  
033502	84807.227	0.084	-0.9983	334.6837660953854	*C-13-H3OH, vt=0,1 ---  15 -3 13  0 16  2 14  
033502	84929.52	0.05	0.5837	408.4384604208137	*C-13-H3OH, vt=0,1 ---  15  5 11  0 16  4 12  
033502	84970.22	0.05	0.8577	81.52440916005578	*C-13-H3OH, vt=0,1 ---   8  0  8 +0  7  1  7 +
039510	84185.6345	0.0114	-3.9546	6.330949899184667	c-CCC-13-H2 ---  2 1 2       1 0 1      
039510	84897.6605	0.0028	-3.9044	28.572355106567954	c-CCC-13-H2 ---  4 3 2       4 2 3      
045512	84073.041	0.0005	-4.9921	60.81217049219658	HC(O)NH2, v=0 --- 10 1 9      10 110      
045512	84384.6767	0.0006	-5.32	170.04396002982782	HC(O)NH2, v=0 --- 15 412      16 313      
045512	84542.3304	0.0003	-3.6043	10.157230385650063	HC(O)NH2, v=0 ---  4 0 4       3 0 3      
045512	84714.198	0.005	-5.3706	310.112186224167	HC(O)NH2, v=0 --- 21 516      22 419      
045512	84779.7314	0.0005	-4.8574	170.857556134599	HC(O)NH2, v=0 --- 17 215      17 216      
045512	84807.7953	0.0003	-3.7436	22.09973304898715	HC(O)NH2, v=0 ---  4 2 3       3 2 2      
045512	84888.9937	0.0003	-3.9984	37.00518595557083	HC(O)NH2, v=0 ---  4 3 2       3 3 1      
045512	84890.9871	0.0003	-3.9984	37.00528162368225	HC(O)NH2, v=0 ---  4 3 1       3 3 0      
054507	84467.4647	0.0007	-3.6608	20.316437872977524	H2CC-13-HCN, v=0 ---  9 0 9       8 0 8      
054507	84842.8891	0.0006	-3.691	28.797340995968387	H2CC-13-HCN, v=0 ---  9 2 8       8 2 7      
054507	84961.2051	0.0008	-3.8	54.08002696314319	H2CC-13-HCN, v=0 ---  9 4 6       8 4 5      
054507	84961.2639	0.0008	-3.8	54.08002978509812	H2CC-13-HCN, v=0 ---  9 4 5       8 4 4      
054507	84963.0081	0.0011	-3.8921	73.00707943937229	H2CC-13-HCN, v=0 ---  9 5 5       8 5 4      
054507	84963.0083	0.0011	-3.8921	73.00707944897077	H2CC-13-HCN, v=0 ---  9 5 4       8 5 3      
054507	84972.9303	0.0014	-4.0204	96.11416840489395	H2CC-13-HCN, v=0 ---  9 6 3       8 6 2      
054507	84972.9303	0.0014	-4.0204	96.11416840489395	H2CC-13-HCN, v=0 ---  9 6 4       8 6 3      
054507	84973.0226	0.0006	-3.7341	39.3469433773021	H2CC-13-HCN, v=0 ---  9 3 7       8 3 6      
054507	84981.3809	0.0006	-3.734	39.3476322678114	H2CC-13-HCN, v=0 ---  9 3 6       8 3 5      
054507	84988.0663	0.0018	-4.2078	123.38475236609635	H2CC-13-HCN, v=0 ---  9 7 2       8 7 1      
054507	84988.0663	0.0018	-4.2078	123.38475236609635	H2CC-13-HCN, v=0 ---  9 7 3       8 7 2      
054510	84061.8805	0.0262	-4.6331	168.17705016958618	Propynal ---  9 7 2       8 7 1      
054510	84061.8805	0.0262	-4.6331	168.17705016958618	Propynal ---  9 7 3       8 7 2      
054510	84065.7065	0.0195	-4.055	32.318281209625454	Propynal ---  9 2 7       8 2 6      
054510	84100.7649	0.0342	-4.9724	213.09220696768585	Propynal ---  9 8 1       8 8 0      
054510	84100.7649	0.0342	-4.9724	213.09220696768585	Propynal ---  9 8 2       8 8 1      
060519	84182.3868	0.0028	-5.6859	137.99355384992785	a-i-C3H7OH ---  7 2 5       6 3 4      
060519	84188.4553	0.0028	-5.6858	137.99355733661827	a-i-C3H7OH ---  7 3 5       6 2 4      
060519	84313.2714	0.0041	-5.7126	566.399535294393	a-i-C3H7OH --- 342212      342113      
060519	84317.7215	0.0041	-5.7125	566.399748865509	a-i-C3H7OH --- 342312      342213      
060519	84657.1633	0.0038	-5.6897	539.5860160462659	a-i-C3H7OH --- 332112      332013      
060519	84659.3651	0.0038	-5.6897	539.5861217159998	a-i-C3H7OH --- 332212      332113      
060519	84968.0427	0.0036	-5.6691	513.551880537128	a-i-C3H7OH --- 322012      321913      
060519	84969.1025	0.0036	-5.6691	513.5519313995061	a-i-C3H7OH --- 322112      322013      
067503	84235.7548	0.0078	-5.6483	146.86977150197677	c-C3H5CN --- 29 326      29 228      
067503	84479.7329	0.0014	-5.3544	91.55806374332353	c-C3H5CN --- 22 419      22 319      
067503	84642.4252	0.0009	-5.5621	50.721010477554	c-C3H5CN --- 17 116      16 214      
067503	84956.2372	0.0013	-5.3569	84.42143472278825	c-C3H5CN --- 21 418      21 318      
070505	84062.7639	0.0011	-4.6861	44.96815404948887	CH3CH(NH2)CN --- 12 9 4      11 9 3      
070505	84062.7662	0.0011	-4.6861	44.96815415987145	CH3CH(NH2)CN --- 12 9 3      11 9 2      
070505	84232.2293	0.0012	-4.575	41.045117043556125	CH3CH(NH2)CN --- 12 8 5      11 8 4      
070505	84232.3513	0.0012	-4.575	41.04512289863268	CH3CH(NH2)CN --- 12 8 4      11 8 3      
070505	84412.9556	0.0048	-5.3008	173.18703039269488	CH3CH(NH2)CN --- 30 723      30 724      
070505	84479.9882	0.0012	-4.4928	37.60005839182432	CH3CH(NH2)CN --- 12 7 6      11 7 5      
070505	84483.9848	0.0012	-4.4928	37.60025019837299	CH3CH(NH2)CN --- 12 7 5      11 7 4      
070505	84489.9528	0.003	-5.3048	140.0289329366454	CH3CH(NH2)CN --- 27 721      27 522      
070505	84574.9133	0.0012	-4.3543	30.073624268192113	CH3CH(NH2)CN --- 12 4 9      11 4 8      
070505	84834.0112	0.0015	-4.2402	31.250892766238284	CH3CH(NH2)CN --- 14 114      13 113      
070505	84835.199	0.0015	-4.2402	31.250805893959765	CH3CH(NH2)CN --- 14 014      13 013      
070505	84842.2181	0.0012	-4.4292	34.64133271409284	CH3CH(NH2)CN --- 12 6 7      11 6 6      
070505	84922.616	0.0012	-4.4284	34.64720549236823	CH3CH(NH2)CN --- 12 6 6      11 6 5      
076516	84055.205	0.0032	-5.6101	256.32281968564234	g'G'g-1,2-Propanediol --- 361423      351520      
076516	84055.2394	0.0032	-5.8188	256.32282133658197	g'G'g-1,2-Propanediol --- 361423      351521      
076516	84056.5965	0.0032	-5.8188	256.3228864671097	g'G'g-1,2-Propanediol --- 361422      351520      
076516	84056.6309	0.0032	-5.61	256.3228881180493	g'G'g-1,2-Propanediol --- 361422      351521      
076516	84073.4216	0.0012	-4.8188	32.12283394299952	g'G'g-1,2-Propanediol --- 14 113      13 212      
076516	84094.9045	0.0019	-5.6225	92.09596991152296	g'G'g-1,2-Propanediol --- 23 519      22 617      
076516	84185.4398	0.0017	-4.9103	114.90291414144602	g'G'g-1,2-Propanediol --- 26 422      26 323      
076516	84240.696	0.0075	-4.8114	411.4816509244972	g'G'g-1,2-Propanediol --- 481335      481236      
076516	84281.4881	0.0012	-4.7747	129.69599186825502	g'G'g-1,2-Propanediol --- 26 918      26 819      
076516	84306.3631	0.0012	-5.9903	32.13401337180326	g'G'g-1,2-Propanediol --- 14 213      13 212      
076516	84328.5759	0.0015	-5.2257	40.71004573030437	g'G'g-1,2-Propanediol --- 15 312      14 411      
076516	84434.9865	0.0012	-5.2021	138.21588202533675	g'G'g-1,2-Propanediol --- 27 918      27 820      
076516	84464.1945	0.002	-5.0053	95.7771067217691	g'G'g-1,2-Propanediol --- 24 321      24 222      
076516	84468.7676	0.0018	-4.8018	167.13044400431895	g'G'g-1,2-Propanediol --- 31 625      31 526      
076516	84481.0447	0.0031	-5.8145	153.2161903967865	g'G'g-1,2-Propanediol --- 31 428      30 526      
076516	84488.9933	0.0012	-5.9882	32.12277924042934	g'G'g-1,2-Propanediol --- 14 113      13 112      
076516	84576.6409	0.0011	-5.1836	113.71052645765789	g'G'g-1,2-Propanediol --- 24 916      24 816      
076516	84579.1176	0.0031	-5.8135	153.2160053122631	g'G'g-1,2-Propanediol --- 31 328      30 426      
076516	84579.3458	0.0021	-5.5772	102.75767953700958	g'G'g-1,2-Propanediol --- 24 619      23 716      
076516	84610.6602	0.0013	-5.2164	147.05710816190015	g'G'g-1,2-Propanediol --- 28 919      28 821      
076516	84612.6489	0.0021	-5.4449	66.39606266475836	g'G'g-1,2-Propanediol --- 19 514      18 613      
076516	84639.4892	0.0483	-5.6329	637.6858671728476	g'G'g-1,2-Propanediol --- 601645      601545      
076516	84647.8052	0.001	-5.5853	14.460350543850712	g'G'g-1,2-Propanediol ---  9 1 8       8 0 8      
076516	84664.7298	0.002	-5.0033	95.787306409015	g'G'g-1,2-Propanediol --- 24 421      24 322      
076516	84677.8157	0.0011	-4.7987	113.71538208223888	g'G'g-1,2-Propanediol --- 24 915      24 816      
076516	84682.9174	0.0012	-5.1897	129.71525743612975	g'G'g-1,2-Propanediol --- 26 917      26 819      
076516	84721.9348	0.0012	-4.8115	32.13395866923308	g'G'g-1,2-Propanediol --- 14 213      13 112      
076516	84737.4492	0.0129	-4.87	494.6981601736969	g'G'g-1,2-Propanediol --- 531340      531241      
076516	84768.8194	0.0015	-4.7354	185.50378105418488	g'G'g-1,2-Propanediol --- 32 924      32 825      
076516	84788.7771	0.0025	-5.5258	184.8293770064194	g'G'g-1,2-Propanediol --- 311121      301218      
076516	84791.9022	0.0025	-5.7207	184.82938310987691	g'G'g-1,2-Propanediol --- 311121      301219      
076516	84864.7299	0.0031	-5.8065	126.97160289327745	g'G'g-1,2-Propanediol --- 27 622      26 719      
076516	84879.8099	0.0025	-5.7197	184.8337458917679	g'G'g-1,2-Propanediol --- 311120      301218      
076516	84882.935	0.0025	-5.5248	184.8337519952254	g'G'g-1,2-Propanediol --- 311120      301219      
076516	84971.5966	0.0011	-4.7812	121.54002549895084	g'G'g-1,2-Propanediol --- 25 917      25 818      
076523	84065.8697	0.0132	-5.6787	197.25449068228212	g'Gg-1,2-Propanediol --- 311021      31 923      
076523	84104.8347	0.0016	-5.4005	27.50385346960928	g'Gg-1,2-Propanediol --- 11 5 7      10 5 6      
076523	84114.4409	0.0249	-5.6804	457.07690537940414	g'Gg-1,2-Propanediol --- 471830      471731      
076523	84141.2806	0.022	-5.6999	441.76917587214217	g'Gg-1,2-Propanediol --- 471334      471235      
076523	84217.9081	0.0083	-5.1522	338.89886789371945	g'Gg-1,2-Propanediol --- 401724      401624      
076523	84235.736	0.0017	-5.7733	15.084283116307496	g'Gg-1,2-Propanediol ---  7 6 2       6 5 1      
076523	84235.9796	0.0017	-4.9813	15.084294807263625	g'Gg-1,2-Propanediol ---  7 6 1       6 5 1      
076523	84238.0117	0.0017	-4.9813	15.084248454994366	g'Gg-1,2-Propanediol ---  7 6 2       6 5 2      
076523	84238.2552	0.0017	-5.7733	15.084260141151251	g'Gg-1,2-Propanediol ---  7 6 1       6 5 2      
076523	84249.7557	0.0135	-5.6599	332.60517198762574	g'Gg-1,2-Propanediol --- 411031      41 932      
076523	84253.3818	0.0083	-5.6121	338.90057036280956	g'Gg-1,2-Propanediol --- 401723      401624      
076523	84356.7381	0.0547	-5.7315	515.9768081411016	g'Gg-1,2-Propanediol --- 501931      501832      
076523	84362.0244	0.0028	-5.5074	36.08958028614238	g'Gg-1,2-Propanediol --- 13 4 9      12 5 7      
076523	84422.5503	0.0134	-5.6581	332.614328086624	g'Gg-1,2-Propanediol --- 411131      411032      
076523	84442.7813	0.0042	-5.6374	42.22264550423864	g'Gg-1,2-Propanediol --- 14 5 9      13 6 7      
076523	84454.3207	0.0283	-5.3319	474.96138707888474	g'Gg-1,2-Propanediol --- 481830      481732      
076523	84518.1594	0.0028	-5.0712	215.55240432856235	g'Gg-1,2-Propanediol --- 311616      311516      
076523	84518.2637	0.0028	-5.608	215.55240933417286	g'Gg-1,2-Propanediol --- 311615      311516      
076523	84519.8464	0.0028	-5.608	215.55248529179298	g'Gg-1,2-Propanediol --- 311616      311517      
076523	84519.9506	0.0028	-5.0712	215.55249029260426	g'Gg-1,2-Propanediol --- 311615      311517      
076523	84538.1048	0.0081	-5.6093	338.8988399990761	g'Gg-1,2-Propanediol --- 401724      401625      
076523	84573.5785	0.0081	-5.1488	338.9005424681662	g'Gg-1,2-Propanediol --- 401723      401625      
076523	84655.3342	0.0144	-5.6632	367.3732564427303	g'Gg-1,2-Propanediol --- 431132      431033      
076523	84666.3734	0.0163	-5.6763	403.76620858035614	g'Gg-1,2-Propanediol --- 451233      451134      
076523	84690.6914	0.0077	-5.9341	165.1668050356077	g'Gg-1,2-Propanediol --- 30 327      30 228      
076523	84690.6957	0.0077	-5.9341	165.16680524197514	g'Gg-1,2-Propanediol --- 30 427      30 328      
076523	84695.6007	0.0199	-5.5699	265.50359926209075	g'Gg-1,2-Propanediol --- 361224      361126      
076523	84789.2386	0.0105	-5.6931	250.92867931739767	g'Gg-1,2-Propanediol --- 36 729      36 630      
076523	84794.0397	0.0105	-5.6931	250.92890973385687	g'Gg-1,2-Propanediol --- 36 829      36 730      
076523	84819.2599	0.0352	-5.3732	493.2287789454859	g'Gg-1,2-Propanediol --- 491831      491733      
076523	84857.9866	0.0244	-5.2913	457.11258994490873	g'Gg-1,2-Propanediol --- 471829      471731      
076523	84859.4968	0.0018	-5.3922	27.565394011214906	g'Gg-1,2-Propanediol --- 11 5 6      10 5 5      
076523	84921.0996	0.0023	-5.1304	17.372458136895286	g'Gg-1,2-Propanediol ---  9 2 7       8 1 7      
076523	84977.3702	0.0036	-5.8595	73.39825275601629	g'Gg-1,2-Propanediol --- 18 910      1710 8      
077508	84401.7984	0.0248	-5.9742	11.493296373148622	Z-HC2CHCHCN ---  9 2 7       8 1 8      
077508	84596.9581	0.0454	-4.753	15.807339101336892	Z-HC2CHCHCN ---  9 5 5       8 4 4      
077508	84791.6283	0.0433	-4.7516	15.808336891536781	Z-HC2CHCHCN ---  9 5 4       8 4 5      
080506	84075.9946	0.004	-5.9625	46.43202510736368	OC(CN)2 --- 18 414      17 513      
080506	84163.231	0.0028	-5.9573	109.86871901426606	OC(CN)2 --- 261116      261017      
080506	84168.8536	0.0034	-5.6892	123.43938848743646	OC(CN)2 --- 30 624      30 525      
080506	84329.7481	0.0027	-5.8918	166.17360387069095	OC(CN)2 --- 331221      331122      
080506	84755.4361	0.0029	-5.9697	103.48321693428316	OC(CN)2 --- 251114      251015      
080506	84871.0665	0.0025	-5.5716	197.40607801881714	OC(CN)2 --- 371127      371028      
080506	84928.1085	0.0032	-5.9828	123.47956779551542	OC(CN)2 --- 30 724      30 625      
080506	84928.9816	0.0029	-5.667	103.48248151034275	OC(CN)2 --- 251115      251016      
083505	84097.9952	0.0015	-4.9476	715.5355484644009	2-CAB, v=0 --- 684028      683929      
083505	84102.9653	0.001	-5.05	831.1402141998323	2-CAB, v=0 --- 744035      743936      
083505	84132.1468	0.001	-4.8581	618.8876384917472	2-CAB, v=0 --- 633825      633726      
083505	84168.6665	0.0007	-4.8931	678.0202432725764	2-CAB, v=0 --- 673533      673434      
083505	84221.2975	0.0076	-5.5889	1285.4940780875809	2-CAB, v=0 --- 925141      925042      
083505	84221.9924	0.001	-5.5969	71.3344759634935	2-CAB, v=0 --- 2113 8      2014 7      
083505	84231.4512	0.0008	-5.8165	96.67768971233939	2-CAB, v=0 --- 2417 8      2318 5      
083505	84235.9115	0.0011	-5.4158	51.75152026216684	2-CAB, v=0 --- 1810 8      1711 7      
083505	84243.2178	0.0008	-5.8164	96.67825442007485	2-CAB, v=0 --- 2417 7      2318 6      
083505	84292.0848	0.0004	-4.757	149.31868336273217	2-CAB, v=0 --- 34 826      34 727      
083505	84292.0848	0.0004	-5.3474	149.31868336273217	2-CAB, v=0 --- 34 826      34 827      
083505	84292.0848	0.0004	-5.3474	149.31868336273217	2-CAB, v=0 --- 34 926      34 727      
083505	84292.0848	0.0004	-4.757	149.31868336273217	2-CAB, v=0 --- 34 926      34 827      
083505	84302.0963	0.0011	-4.9034	675.1601717199596	2-CAB, v=0 --- 663928      663829      
083505	84308.6639	0.0002	-4.4365	44.61752749276303	2-CAB, v=0 --- 19 316      18 415      
083505	84308.664	0.0002	-4.6775	44.61752749756228	2-CAB, v=0 --- 19 416      18 415      
083505	84308.6643	0.0002	-4.6775	44.617527511960006	2-CAB, v=0 --- 19 316      18 315      
083505	84308.6643	0.0002	-4.4365	44.617527511960006	2-CAB, v=0 --- 19 416      18 315      
083505	84351.0812	0.0006	-4.7528	465.4456855709678	2-CAB, v=0 --- 543519      543420      
083505	84363.8425	0.0006	-4.7527	465.44557862833545	2-CAB, v=0 --- 543520      543421      
083505	84366.1577	0.0002	-4.8274	35.330823850373	2-CAB, v=0 --- 15 7 8      14 7 7      
083505	84379.1536	0.0025	-5.1499	909.325813844672	2-CAB, v=0 --- 774433      774334      
083505	84388.7465	0.0019	-5.875	703.8279309826901	2-CAB, v=0 --- 683732      683533      
083505	84408.7631	0.0007	-5.0734	216.89845337756384	2-CAB, v=0 --- 3431 3      3430 4      
083505	84408.7631	0.0007	-5.0734	216.89845337756384	2-CAB, v=0 --- 3431 4      3430 5      
083505	84428.2562	0.0004	-5.3243	335.88350299232343	2-CAB, v=0 --- 482028      482029      
083505	84428.3035	0.0004	-4.6412	335.88336138467764	2-CAB, v=0 --- 482028      481929      
083505	84428.8221	0.0004	-4.6412	335.88353015124	2-CAB, v=0 --- 482128      482029      
083505	84428.8694	0.0004	-5.3243	335.8833885435942	2-CAB, v=0 --- 482128      481929      
083505	84447.0933	0.0014	-5.0807	859.4297025258024	2-CAB, v=0 --- 754234      754135      
083505	84491.7696	0.0013	-5.1008	879.9557110522537	2-CAB, v=0 --- 764235      764136      
083505	84498.6368	0.0005	-4.794	289.67696436516127	2-CAB, v=0 --- 4132 9      413110      
083505	84498.637	0.0005	-4.794	289.67696437475973	2-CAB, v=0 --- 413210      413111      
083505	84513.0026	0.0016	-5.0501	826.8288867298885	2-CAB, v=0 --- 743836      743737      
083505	84526.2295	0.0008	-5.6269	78.65950235603935	2-CAB, v=0 --- 2214 9      2115 6      
083505	84538.8265	0.0003	-5.278	248.82655026208357	2-CAB, v=0 --- 421527      421528      
083505	84538.8267	0.0003	-4.6376	248.82655027168207	2-CAB, v=0 --- 421527      421428      
083505	84538.8296	0.0003	-4.6376	248.8265504108601	2-CAB, v=0 --- 421627      421528      
083505	84538.8297	0.0003	-5.278	248.82655041565934	2-CAB, v=0 --- 421627      421428      
083505	84558.6556	0.0006	-5.5382	539.7278997861144	2-CAB, v=0 --- 602931      602932      
083505	84594.9255	0.0112	-5.7417	1416.5631451686247	2-CAB, v=0 --- 975146      975047      
083505	84595.1497	0.0005	-4.7397	351.06542907796955	2-CAB, v=0 --- 463313      463214      
083505	84595.1817	0.0005	-4.7397	351.06543061372736	2-CAB, v=0 --- 463314      463215      
083505	84596.2075	0.0005	-4.7923	137.84205578509804	2-CAB, v=0 --- 33 726      33 627      
083505	84596.2075	0.0005	-5.3762	137.84205578509804	2-CAB, v=0 --- 33 726      33 727      
083505	84596.2075	0.0005	-5.3762	137.84205578509804	2-CAB, v=0 --- 33 826      33 627      
083505	84596.2075	0.0005	-4.7923	137.84205578509804	2-CAB, v=0 --- 33 826      33 727      
083505	84596.966	0.0006	-4.7655	539.7278679853921	2-CAB, v=0 --- 602931      602832      
083505	84608.917	0.0008	-4.9524	741.2630983716667	2-CAB, v=0 --- 703734      703635      
083505	84627.1295	0.0027	-5.8521	570.2411690909269	2-CAB, v=0 --- 613428      613229      
083505	84672.2299	0.0009	-5.6857	656.1640672618421	2-CAB, v=0 --- 663333      663334      
083505	84706.5835	0.001	-4.8524	618.8825468701633	2-CAB, v=0 --- 633826      633727      
083505	84707.7878	0.0008	-4.8115	565.176516894732	2-CAB, v=0 --- 603723      603624      
083505	84723.3359	0.0007	-4.7768	514.0320542773976	2-CAB, v=0 --- 573621      573522      
083505	84730.8026	0.0008	-5.1789	208.17405869356338	2-CAB, v=0 --- 3331 2      3330 3      
083505	84730.8026	0.0008	-5.1789	208.17405869356338	2-CAB, v=0 --- 3331 3      3330 4      
083505	84743.5019	0.0007	-5.7266	678.0202065046461	2-CAB, v=0 --- 673533      673334      
083505	84773.8985	0.0007	-4.7763	514.0316033457208	2-CAB, v=0 --- 573622      573523      
083505	84800.7923	0.0005	-4.7336	406.01038934768565	2-CAB, v=0 --- 503416      503317      
083505	84801.5667	0.0005	-4.7336	406.010426513024	2-CAB, v=0 --- 503417      503318      
083505	84832.8397	0.0006	-4.7632	539.741058547542	2-CAB, v=0 --- 603031      602932      
083505	84853.6884	0.0003	-4.8523	39.526674578484695	2-CAB, v=0 --- 16 7 9      15 8 8      
083505	84871.1501	0.0006	-5.5352	539.7410267468196	2-CAB, v=0 --- 603031      602832      
083505	84873.0194	0.0005	-4.8368	126.69100760235553	2-CAB, v=0 --- 32 626      32 527      
083505	84873.0194	0.0005	-5.4145	126.69100760235553	2-CAB, v=0 --- 32 626      32 627      
083505	84873.0194	0.0005	-5.4145	126.69100760235553	2-CAB, v=0 --- 32 726      32 527      
083505	84873.0194	0.0005	-4.8368	126.69100760235553	2-CAB, v=0 --- 32 726      32 627      
083505	84887.4435	0.0008	-4.8097	565.1752114480151	2-CAB, v=0 --- 603724      603625      
083505	84889.454	0.0002	-4.6327	46.14518203851818	2-CAB, v=0 --- 20 218      19 217      
083505	84889.454	0.0002	-4.3686	46.14518203851818	2-CAB, v=0 --- 20 218      19 317      
083505	84889.454	0.0002	-4.3686	46.14518203851818	2-CAB, v=0 --- 20 318      19 217      
083505	84889.454	0.0002	-4.6327	46.14518203851818	2-CAB, v=0 --- 20 318      19 317      
083505	84906.8269	0.0004	-4.9439	27.869377008973355	2-CAB, v=0 --- 13 8 6      12 7 5      
083505	84907.8911	0.0009	-4.8689	656.1640108783275	2-CAB, v=0 --- 663333      663234      
083505	84915.0136	0.0007	-5.6053	596.5915083359894	2-CAB, v=0 --- 633132      633133      
083505	84948.1059	0.0007	-5.6918	132.7676883859499	2-CAB, v=0 --- 291712      291415      
083506	84069.0343	0.0059	-5.8993	207.2619112529193	3-MABN, v=0 --- 45 739      45 540      
083506	84114.2336	0.0392	-5.7094	606.034328824682	3-MABN, v=0 --- 771265      771166      
083506	84117.391	0.0064	-5.5489	186.79245132924206	3-MABN, v=0 --- 43 638      43 539      
083506	84119.9363	0.0007	-4.2915	47.77939035682343	3-MABN, v=0 --- 21 417      20 416      
083506	84124.1832	0.0086	-5.8748	194.8404318900606	3-MABN, v=0 --- 44 539      44 540      
083506	84124.8938	0.0055	-5.8915	159.6261141611976	3-MABN, v=0 --- 40 536      40 337      
083506	84185.0314	0.0005	-4.2678	49.2886260642724	3-MABN, v=0 --- 22 320      21 319      
083506	84266.5369	0.0131	-5.53	233.4089300279447	3-MABN, v=0 --- 48 642      48 543      
083506	84398.3909	0.0112	-5.4697	265.14920858750895	3-MABN, v=0 --- 501040      50 941      
083506	84408.0668	0.0256	-5.5827	465.8397677591096	3-MABN, v=0 --- 671255      671156      
083506	84417.7742	0.0084	-5.5559	194.84042202239254	3-MABN, v=0 --- 44 539      44 440      
083506	84421.2285	0.0078	-5.5087	215.90154761323637	3-MABN, v=0 --- 46 740      46 641      
083506	84443.9718	0.0005	-4.2798	46.47198626924756	3-MABN, v=0 --- 21 318      20 317      
083506	84530.9168	0.0061	-5.8708	186.7924423166456	3-MABN, v=0 --- 43 638      43 439      
083506	84677.3404	0.0044	-5.4644	167.012402777878	3-MABN, v=0 --- 39 930      39 831      
083506	84731.7774	0.0045	-5.4533	215.13721005295295	3-MABN, v=0 --- 45 937      45 838      
083506	84758.9287	0.0048	-5.4542	223.83894076579156	3-MABN, v=0 --- 46 938      46 839      
083506	84792.2605	0.0007	-5.9747	18.718293467103194	3-MABN, v=0 --- 12 4 8      11 3 9      
083506	84837.6652	0.0043	-5.4521	206.62919295935697	3-MABN, v=0 --- 44 936      44 837      
083506	84941.0877	0.0052	-5.4546	232.73414452519685	3-MABN, v=0 --- 47 939      47 840      
090501	84083.1159	0.0065	-5.0458	17.982280655473375	Glyceraldehyde ---  9 7 2       8 6 2      
090501	84083.1391	0.0065	-5.0458	17.982281768897767	Glyceraldehyde ---  9 7 3       8 6 3      
090501	84103.9009	0.0648	-5.3287	50.64653472892822	Glyceraldehyde --- 19 415      18 513      
090501	84365.2705	0.0914	-5.4247	54.69542314350164	Glyceraldehyde --- 20 317      19 415      
090501	84603.8227	0.01	-4.9989	17.792173497318082	Glyceraldehyde ---  8 8 0       7 7 0      
090501	84603.8227	0.01	-4.9989	17.792173497318082	Glyceraldehyde ---  8 8 1       7 7 1      
090501	84751.4871	0.0163	-5.0143	25.143640719713492	Glyceraldehyde --- 13 4 9      12 3 9      
090501	84962.5338	0.0413	-5.9907	37.811840576748914	Glyceraldehyde --- 17 216      16 215      
113501	84666.4759	0.0673	-3.2322	503.9519883000607	CH3C7N --- B3 6        B2 6        
113501	84669.9465	0.0544	-3.4124	420.7872544006697	CH3C7N --- B3 5        B2 5        
113501	84672.7861	0.046	-3.3136	352.71900048295265	CH3C7N --- B3 4        B2 4        
113501	84674.9947	0.0416	-2.9356	299.7619020710602	CH3C7N --- B3 3        B2 3        
113501	84676.5723	0.04	-3.1817	261.9271816246367	CH3C7N --- B3 2        B2 2        
113501	84677.5188	0.0397	-3.1487	239.22304016708483	CH3C7N --- B3 1        B2 1        
113501	84677.8344	0.0397	-3.1377	231.65451342707428	CH3C7N --- B3 0        B2 0        
