#frequency	noise-free	noisy
348700.0000	0.000000E+00	-2.517690E+00
348700.4002	0.000000E+00	2.082411E+00
348700.8004	0.000000E+00	-3.507278E+00
348701.2006	0.000000E+00	2.432860E+00
348701.6008	0.000000E+00	-4.140494E-02
348702.0010	0.000000E+00	-4.436644E+00
348702.4012	0.000000E+00	1.865036E+00
348702.8014	0.000000E+00	6.747911E-01
348703.2016	0.000000E+00	3.011888E+00
348703.6018	0.000000E+00	-2.334024E+00
348704.0020	0.000000E+00	1.979508E+00
348704.4022	0.000000E+00	1.781514E+00
348704.8024	0.000000E+00	-1.421937E+00
348705.2026	0.000000E+00	7.033851E-01
348705.6028	0.000000E+00	4.902730E-01
348706.0030	0.000000E+00	1.528788E-01
348706.4032	0.000000E+00	-2.103014E+00
348706.8034	0.000000E+00	-4.095162E+00
348707.2036	0.000000E+00	-3.774751E+00
348707.6038	0.000000E+00	2.168943E+00
348708.0040	0.000000E+00	-2.894668E+00
348708.4042	0.000000E+00	1.203925E+00
348708.8044	0.000000E+00	1.274759E-01
348709.2046	0.000000E+00	-4.713566E-01
348709.6048	0.000000E+00	-7.727107E-01
348710.0050	0.000000E+00	-6.101887E+00
348710.4052	0.000000E+00	9.152666E-02
348710.8054	0.000000E+00	-3.193440E-01
348711.2056	0.000000E+00	-2.371964E+00
348711.6058	0.000000E+00	6.341587E+00
348712.0060	0.000000E+00	-4.599269E+00
348712.4062	0.000000E+00	2.525423E+00
348712.8064	0.000000E+00	1.889964E+00
348713.2066	0.000000E+00	2.184683E+00
348713.6068	0.000000E+00	-1.767253E+00
348714.0070	0.000000E+00	3.164721E+00
348714.4072	0.000000E+00	-7.620308E-01
348714.8074	0.000000E+00	-1.869445E+00
348715.2076	0.000000E+00	5.134197E-01
348715.6078	0.000000E+00	-2.267706E+00
348716.0080	0.000000E+00	-3.015986E+00
348716.4082	0.000000E+00	-3.162419E+00
348716.8084	0.000000E+00	-2.652088E+00
348717.2086	0.000000E+00	2.066020E+00
348717.6088	0.000000E+00	3.316170E+00
348718.0090	0.000000E+00	-2.163137E+00
348718.4092	0.000000E+00	9.910880E-01
348718.8094	0.000000E+00	-1.701378E+00
348719.2096	0.000000E+00	-3.786863E+00
348719.6098	0.000000E+00	7.331016E-01
348720.0100	0.000000E+00	1.173734E+00
348720.4102	0.000000E+00	-7.849781E-02
348720.8104	0.000000E+00	1.394270E-01
348721.2106	0.000000E+00	1.043560E+00
348721.6108	0.000000E+00	-1.656766E+00
348722.0110	0.000000E+00	1.212223E+00
348722.4112	0.000000E+00	4.270119E+00
348722.8114	0.000000E+00	-3.178551E-01
348723.2116	0.000000E+00	-1.442487E+00
348723.6118	0.000000E+00	1.149644E+00
348724.0120	2.683283E-14	3.391913E+00
348724.4122	8.049849E-14	6.572156E-01
348724.8124	4.293252E-13	3.615273E+00
348725.2126	2.146626E-12	-5.236591E-01
348725.6128	1.030381E-11	-2.126941E+00
348726.0130	4.741360E-11	-8.506163E-01
348726.4132	2.092960E-10	2.072214E-01
348726.8134	8.867980E-10	-2.779910E+00
348727.2136	3.606385E-09	-7.078054E-01
348727.6138	1.407698E-08	-8.630080E-01
348728.0140	5.273918E-08	-3.388439E+00
348728.4142	1.896456E-07	-3.997810E+00
348728.8144	6.545422E-07	2.274804E+00
348729.2146	2.168295E-06	-5.186214E+00
348729.6148	6.894210E-06	4.534063E+00
348730.0150	2.103955E-05	-1.657598E+00
348730.4152	6.162740E-05	-7.325479E-01
348730.8154	1.732594E-04	-1.044792E-01
348731.2156	4.675256E-04	-2.001829E+00
348731.6158	1.210875E-03	-1.100570E-01
348732.0160	3.010077E-03	2.193379E+00
348732.4162	7.181904E-03	-4.040918E+00
348732.8164	1.644685E-02	-2.185133E+00
348733.2166	3.614947E-02	-8.365185E-03
348733.6168	7.625853E-02	-6.307911E-01
348734.0170	1.543926E-01	-4.665330E+00
348734.4172	2.999780E-01	2.600815E+00
348734.8174	5.592882E-01	1.791820E+00
348735.2176	1.000468E+00	-6.606630E-01
348735.6178	1.716752E+00	1.075888E-01
348736.0180	2.825142E+00	7.486201E+00
348736.4182	4.457355E+00	1.962611E+00
348736.8184	6.740516E+00	8.898370E+00
348737.2186	9.767578E+00	6.750866E+00
348737.6188	1.356168E+01	1.377322E+01
348738.0190	1.804340E+01	2.273722E+01
348738.4192	2.301239E+01	2.077963E+01
348738.8194	2.815323E+01	2.809967E+01
348739.2196	3.306797E+01	3.384902E+01
348739.6198	3.732938E+01	3.726424E+01
348740.0200	4.054186E+01	4.524757E+01
348740.4202	4.239683E+01	4.381920E+01
348740.8204	4.271333E+01	3.963290E+01
348741.2206	4.146034E+01	3.609058E+01
348741.6208	3.876044E+01	3.781978E+01
348742.0210	3.487504E+01	3.676974E+01
348742.4212	3.017085E+01	2.933782E+01
348742.8214	2.506974E+01	2.571958E+01
348743.2216	1.998851E+01	2.519581E+01
348743.6218	1.528090E+01	1.633338E+01
348744.0220	1.119554E+01	1.229209E+01
348744.4222	7.859221E+00	4.983555E+00
348744.8224	5.286463E+00	5.067902E+00
348745.2226	3.407884E+00	5.043467E+00
348745.6228	2.105996E+00	-1.341567E+00
348746.0230	1.247987E+00	5.057712E+00
348746.4232	7.093470E-01	-2.562434E+00
348746.8234	3.868100E-01	3.494648E+00
348747.2236	2.023941E-01	-2.076390E+00
348747.6238	1.016268E-01	5.734330E-01
348748.0240	4.897351E-02	-5.591880E-02
348748.4242	2.265041E-02	3.688878E-01
348748.8244	1.005459E-02	-5.389931E+00
348749.2246	4.283826E-03	-2.120211E+00
348749.6248	1.751791E-03	9.119412E-01
348750.0250	6.875699E-04	-2.853896E+00
348750.4252	2.590220E-04	2.951322E+00
348750.8254	9.365733E-05	1.671612E+00
348751.2256	3.250367E-05	1.681254E+00
348751.6258	1.082702E-05	1.919916E+00
348752.0260	3.461551E-06	-2.271451E+00
348752.4262	1.062229E-06	8.807658E-01
348752.8264	3.128610E-07	-2.666266E+00
348753.2266	8.844439E-08	-1.111018E+00
348753.6268	2.399798E-08	6.181128E-01
348754.0270	6.249778E-09	-2.222217E+00
348754.4272	1.562203E-09	-4.292406E-01
348754.8274	3.747999E-10	1.474277E+00
348755.2276	8.632096E-11	5.006247E+00
348755.6278	1.907808E-11	-8.472976E-01
348756.0280	4.051745E-12	-5.967757E-01
348756.4282	8.318152E-13	-9.496656E-01
348756.8284	1.609965E-13	3.375792E+00
348757.2286	2.683275E-14	-1.252211E+00
348757.6288	0.000000E+00	-1.691541E-01
348758.0290	0.000000E+00	2.089254E+00
348758.4292	0.000000E+00	-1.705137E+00
348758.8294	0.000000E+00	3.799010E+00
348759.2296	0.000000E+00	-1.204053E+00
348759.6298	0.000000E+00	1.263197E+00
348760.0300	0.000000E+00	-6.858653E-01
348760.4302	0.000000E+00	-1.675165E+00
348760.8304	0.000000E+00	8.507716E-01
348761.2306	0.000000E+00	-9.275504E-01
348761.6308	0.000000E+00	2.515321E+00
348762.0310	0.000000E+00	5.775549E-01
348762.4312	0.000000E+00	-1.534500E-01
348762.8314	0.000000E+00	-5.087723E-01
348763.2316	0.000000E+00	-1.266551E+00
348763.6318	0.000000E+00	-4.045424E-01
348764.0320	0.000000E+00	2.304133E+00
348764.4322	0.000000E+00	2.180182E+00
348764.8324	0.000000E+00	3.035672E+00
348765.2326	0.000000E+00	-1.602474E+00
348765.6328	0.000000E+00	-8.536138E-01
348766.0330	0.000000E+00	-6.902179E-01
348766.4332	0.000000E+00	5.590735E+00
348766.8334	0.000000E+00	5.252721E+00
348767.2336	0.000000E+00	-2.488665E+00
348767.6338	0.000000E+00	-4.499896E-01
348768.0340	0.000000E+00	-3.278955E+00
348768.4342	5.366543E-14	2.456657E+00
348768.8344	3.219926E-13	-1.150313E+00
348769.2346	1.636796E-12	-1.581524E+00
348769.6348	7.835152E-12	-3.442693E+00
348770.0350	3.560701E-11	-1.547841E+00
348770.4352	1.555492E-10	-4.475638E+00
348770.8354	6.523032E-10	2.590008E+00
348771.2356	2.625500E-09	2.950983E+00
348771.6358	1.014279E-08	-1.963785E+00
348772.0360	3.760910E-08	1.184580E-01
348772.4362	1.338500E-07	-7.061153E-01
348772.8364	4.572292E-07	-3.273513E+00
348773.2366	1.499131E-06	1.257978E+00
348773.6368	4.717755E-06	-3.071854E+00
348774.0370	1.425021E-05	-2.407090E+00
348774.4372	4.131400E-05	3.109253E+00
348774.8374	1.149644E-04	-7.137234E-01
348775.2376	3.070574E-04	-3.487644E+00
348775.6378	7.871645E-04	1.264453E+00
348776.0380	1.936872E-03	-1.485655E+00
348776.4382	4.574307E-03	2.291046E+00
348776.8384	1.036900E-02	-3.028835E+00
348777.2386	2.255967E-02	-6.824589E-02
348777.6388	4.710942E-02	4.758686E+00
348778.0390	9.441748E-02	8.651206E-02
348778.4392	1.816148E-01	-2.600669E-01
348778.8394	3.352591E-01	1.765146E+00
348779.2396	5.938890E-01	4.524368E+00
348779.6398	1.009435E+00	2.558841E-01
348780.0400	1.646045E+00	4.676635E+00
348780.4402	2.574715E+00	2.354461E+00
348780.8404	3.862576E+00	5.635447E+00
348781.2406	5.556965E+00	4.682959E+00
348781.6408	7.666485E+00	2.994733E+00
348782.0410	1.014351E+01	6.209338E+00
348782.4412	1.287396E+01	1.097192E+01
348782.8414	1.567938E+01	1.739349E+01
348783.2416	1.833384E+01	1.610843E+01
348783.6418	2.059328E+01	2.047992E+01
348784.0420	2.223178E+01	2.030744E+01
348784.4422	2.307699E+01	2.690639E+01
348784.8424	2.303758E+01	2.509815E+01
348785.2426	2.211784E+01	2.175946E+01
348785.6428	2.041701E+01	1.982453E+01
348786.0430	1.811339E+01	1.734931E+01
348786.4432	1.543595E+01	1.244910E+01
348786.8434	1.262858E+01	1.043336E+01
348787.2436	9.914077E+00	1.303960E+01
348787.6438	7.465696E+00	8.794429E+00
348788.0440	5.391584E+00	5.843966E+00
348788.4442	3.733877E+00	6.393594E+00
348788.8444	2.479817E+00	4.699278E+00
348789.2446	1.579595E+00	1.216256E+00
348789.6448	9.651733E-01	-2.857637E+00
348790.0450	5.658210E-01	-1.322618E+00
348790.4452	3.183483E-01	1.749954E+00
348790.8454	1.720784E-01	5.002299E+00
348791.2456	8.979826E-02	-2.178170E+00
348791.6458	4.634696E-02	1.382256E+00
348792.0460	2.633217E-02	-1.905602E+00
348792.4462	2.208492E-02	1.580206E+00
348792.8464	3.259191E-02	-1.180823E+00
348793.2466	6.391127E-02	2.977525E-01
348793.6468	1.314717E-01	1.299855E+00
348794.0470	2.645781E-01	3.891339E-01
348794.4472	5.132395E-01	2.066599E+00
348794.8474	9.569167E-01	2.325934E-02
348795.2476	1.713794E+00	3.488674E+00
348795.6478	2.947726E+00	1.985974E+00
348796.0480	4.868378E+00	3.957634E+00
348796.4482	7.719054E+00	4.627104E+00
348796.8484	1.174747E+01	1.456124E+01
348797.2486	1.715861E+01	1.816623E+01
348797.6488	2.405590E+01	2.092523E+01
348798.0490	3.238540E+01	3.216631E+01
348798.4492	4.190267E+01	4.085886E+01
348798.8494	5.217861E+01	5.083733E+01
348799.2496	6.264820E+01	6.564714E+01
348799.6498	7.268867E+01	7.351791E+01
348800.0500	8.170284E+01	7.595357E+01
348800.4502	8.918350E+01	8.346996E+01
348800.8504	9.474663E+01	9.343920E+01
348801.2506	9.813539E+01	1.010539E+02
348801.6508	9.920740E+01	1.010658E+02
348802.0510	9.791992E+01	9.938905E+01
348802.4512	9.432411E+01	9.118541E+01
348802.8514	8.857195E+01	8.923595E+01
348803.2516	8.093147E+01	8.196407E+01
348803.6518	7.179860E+01	7.246065E+01
348804.0520	6.169092E+01	6.220216E+01
348804.4522	5.121144E+01	5.228810E+01
348804.8524	4.098159E+01	4.678567E+01
348805.2526	3.155718E+01	3.358602E+01
348805.6528	2.335189E+01	2.484343E+01
348806.0530	1.659219E+01	2.062928E+01
348806.4532	1.131547E+01	1.525093E+01
348806.8534	7.406200E+00	5.225619E+00
348807.2536	4.652877E+00	3.292188E+00
348807.6538	2.806306E+00	8.018821E-01
348808.0540	1.625250E+00	-4.962293E-01
348808.4542	9.039473E-01	3.807731E-01
348808.8544	4.828886E-01	2.351550E+00
348809.2546	2.477784E-01	1.340510E+00
348809.6548	1.221393E-01	-1.638197E+00
348810.0550	5.786956E-02	-4.506719E+00
348810.4552	2.640524E-02	4.547163E+00
348810.8554	1.168290E-02	1.387434E+00
348811.2556	5.128751E-03	7.488313E-01
348811.6558	2.391595E-03	-3.158861E+00
348812.0560	1.367369E-03	-3.106902E+00
348812.4562	1.082739E-03	1.802491E+00
348812.8564	1.102636E-03	-3.799767E+00
348813.2566	1.234439E-03	9.777572E-01
348813.6568	1.389336E-03	-1.529560E+00
348814.0570	1.521995E-03	1.730637E-02
348814.4572	1.606860E-03	-2.871903E+00
348814.8574	1.630216E-03	-2.661196E+00
348815.2576	1.588035E-03	3.128738E+00
348815.6578	1.485060E-03	-1.812275E+00
348816.0580	1.333414E-03	-9.759513E-01
348816.4582	1.150488E-03	-9.705326E-01
348816.8584	9.569377E-04	6.142181E-01
348817.2586	7.764918E-04	1.669527E+00
348817.6588	6.407915E-04	-4.540240E+00
348818.0590	6.055056E-04	-6.857509E-01
348818.4592	7.903497E-04	2.655499E-01
348818.8594	1.467981E-03	-5.343679E+00
348819.2596	3.248393E-03	-1.458875E+00
348819.6598	7.439432E-03	4.078718E+00
348820.0600	1.671038E-02	3.610347E+00
348820.4602	3.623655E-02	1.608397E+00
348820.8604	7.553590E-02	1.208396E+00
348821.2606	1.511814E-01	4.002418E+00
348821.6608	2.904202E-01	2.131464E+00
348822.0610	5.353860E-01	1.694166E+00
348822.4612	9.470099E-01	-3.686897E+00
348822.8614	1.606988E+00	5.131452E-01
348823.2616	2.615461E+00	2.790344E+00
348823.6618	4.081863E+00	8.889482E+00
348824.0620	6.107222E+00	6.924774E+00
348824.4622	8.758523E+00	6.527291E+00
348824.8624	1.203926E+01	9.244335E+00
348825.2626	1.586391E+01	1.180184E+01
348825.6628	2.004562E+01	1.732069E+01
348826.0630	2.430437E+01	2.590225E+01
348826.4632	2.829705E+01	2.914547E+01
348826.8634	3.166382E+01	3.215014E+01
348827.2636	3.408045E+01	3.215633E+01
348827.6638	3.530545E+01	3.664836E+01
348828.0640	3.521423E+01	3.392214E+01
348828.4642	3.381610E+01	3.056538E+01
348828.8644	3.125305E+01	3.287488E+01
348829.2646	2.778025E+01	2.967374E+01
348829.6648	2.372980E+01	2.656740E+01
348830.0650	1.946232E+01	1.619331E+01
348830.4652	1.531476E+01	1.643897E+01
348830.8654	1.155572E+01	9.633783E+00
348831.2656	8.358180E+00	1.201042E+01
348831.6658	5.794376E+00	7.797825E+00
348832.0660	3.850447E+00	3.474365E+00
348832.4662	2.453033E+00	3.471338E+00
348832.8664	1.498594E+00	-3.564640E-02
348833.2666	8.781239E-01	-1.499795E+00
348833.6668	4.936379E-01	-1.087177E+00
348834.0670	2.662650E-01	3.999627E+00
348834.4672	1.378241E-01	-5.506031E+00
348834.8674	6.846640E-02	1.068559E+00
348835.2676	3.264332E-02	-6.852205E-01
348835.6678	1.493789E-02	-7.479210E-01
348836.0680	6.561007E-03	-1.698618E+00
348836.4682	2.765936E-03	-3.750161E-03
348836.8684	1.119197E-03	-2.242193E+00
348837.2686	4.346779E-04	2.257158E+00
348837.6688	1.620495E-04	-1.966888E+00
348838.0690	5.801685E-05	-2.132192E-01
348838.4692	2.003595E-05	1.234278E+00
348838.8694	6.945658E-06	1.616675E+00
348839.2696	3.202581E-06	-2.525575E-01
348839.6698	3.815023E-06	5.436504E+00
348840.0700	8.828520E-06	-3.864307E-02
348840.4702	2.257749E-05	-6.542936E-01
348840.8704	5.635642E-05	3.802856E-01
348841.2706	1.352777E-04	1.359612E+00
348841.6708	3.117707E-04	-3.333460E+00
348842.0710	6.897939E-04	-9.420568E-02
348842.4712	1.465233E-03	3.351814E+00
348842.8714	2.988497E-03	2.428605E+00
348843.2716	5.853875E-03	3.202585E-01
348843.6718	1.101564E-02	2.824105E+00
348844.0720	1.992282E-02	-8.617634E-01
348844.4722	3.465527E-02	-3.388982E-02
348844.8724	5.803902E-02	9.063569E-01
348845.2726	9.373043E-02	1.126991E+00
348845.6728	1.462995E-01	3.982320E+00
348846.0730	2.214238E-01	4.428924E+00
348846.4732	3.264176E-01	3.952847E+00
348846.8734	4.714378E-01	-2.701485E+00
348847.2736	6.717469E-01	5.853945E+00
348847.6738	9.512797E-01	2.733205E+00
348848.0740	1.347344E+00	-1.401130E-01
348848.4742	1.915541E+00	3.176462E+00
348848.8744	2.733013E+00	1.015187E+00
348849.2746	3.897219E+00	3.944804E+00
348849.6748	5.517165E+00	6.583300E+00
348850.0750	7.694991E+00	1.324016E+01
348850.4752	1.049853E+01	9.649441E+00
348850.8754	1.392957E+01	1.352305E+01
348851.2756	1.789647E+01	1.598418E+01
348851.6758	2.220151E+01	2.078612E+01
348852.0760	2.655063E+01	3.030781E+01
348852.4762	3.058642E+01	2.809320E+01
348852.8764	3.393788E+01	3.728118E+01
348853.2766	3.627517E+01	3.945161E+01
348853.6768	3.735790E+01	3.556946E+01
348854.0770	3.706906E+01	3.713393E+01
348854.4772	3.543105E+01	3.472451E+01
348854.8774	3.260288E+01	2.652367E+01
348855.2776	2.885873E+01	2.374103E+01
348855.6778	2.454941E+01	1.896647E+01
348856.0780	2.005134E+01	1.893134E+01
348856.4782	1.571222E+01	1.596389E+01
348856.8784	1.180513E+01	1.048731E+01
348857.2786	8.501579E+00	7.137122E+00
348857.6788	5.867878E+00	3.167125E+00
348858.0790	3.881963E+00	7.637356E+00
348858.4792	2.462046E+00	1.047763E+00
348858.8794	1.497346E+00	4.574841E+00
348859.2796	8.734474E-01	1.375248E+00
348859.6798	4.888015E-01	2.238469E+00
348860.0800	2.624721E-01	6.808090E-01
348860.4802	1.352515E-01	-9.337341E-01
348860.8804	6.688753E-02	2.050426E+00
348861.2806	3.174796E-02	-2.120058E+00
348861.6808	1.446331E-02	1.323283E+00
348862.0810	6.324243E-03	1.211185E+00
348862.4812	2.654255E-03	5.113121E+00
348862.8814	1.069232E-03	-8.576711E-01
348863.2816	4.134261E-04	-8.565635E-01
348863.6818	1.534336E-04	-2.169209E+00
348864.0820	5.465629E-05	-3.079636E+00
348864.4822	1.868775E-05	-1.355710E+00
348864.8824	6.132971E-06	4.771506E-01
348865.2826	1.931888E-06	-1.234348E+00
348865.6828	5.841043E-07	1.755986E-01
348866.0830	1.695102E-07	-3.740611E-02
348866.4832	4.721701E-08	1.732714E+00
348866.8834	1.262403E-08	3.242774E+00
348867.2836	3.239645E-09	1.004968E+00
348867.6838	7.979707E-10	-9.083213E-01
348868.0840	1.886591E-10	-1.852057E+00
348868.4842	4.282461E-11	-1.863133E+00
348868.8844	9.337697E-12	3.481629E+00
348869.2846	1.958770E-12	3.269548E+00
348869.6848	4.024869E-13	-1.438869E-01
348870.0850	8.049738E-14	-3.888487E-01
348870.4852	2.683246E-14	5.428501E-02
348870.8854	0.000000E+00	1.107964E+00
348871.2856	0.000000E+00	6.626753E-01
348871.6858	0.000000E+00	-7.744915E-01
348872.0860	0.000000E+00	-4.576634E-01
348872.4862	0.000000E+00	-7.027275E-02
348872.8864	0.000000E+00	4.084391E+00
348873.2866	0.000000E+00	-2.169507E+00
348873.6868	0.000000E+00	7.893296E-01
348874.0870	0.000000E+00	-1.982346E+00
348874.4872	0.000000E+00	-4.190255E+00
348874.8874	0.000000E+00	1.543859E+00
348875.2876	0.000000E+00	-1.939996E-01
348875.6878	0.000000E+00	2.488653E+00
348876.0880	0.000000E+00	-4.818367E-02
348876.4882	0.000000E+00	-3.199604E+00
348876.8884	0.000000E+00	-1.115189E-01
348877.2886	0.000000E+00	2.996442E+00
348877.6888	0.000000E+00	-2.490880E+00
348878.0890	0.000000E+00	-6.910199E+00
348878.4892	0.000000E+00	9.516415E-01
348878.8894	0.000000E+00	-1.571758E+00
348879.2896	0.000000E+00	1.479219E+00
348879.6898	0.000000E+00	2.584807E+00
348880.0900	0.000000E+00	1.851005E+00
348880.4902	0.000000E+00	2.376510E+00
348880.8904	0.000000E+00	-6.049216E-02
348881.2906	0.000000E+00	1.002947E+00
348881.6908	2.683243E-14	-2.973300E+00
348882.0910	8.049728E-14	1.591054E+00
348882.4912	4.024864E-13	1.314752E+00
348882.8914	1.905102E-12	-8.179441E-01
348883.2916	8.371717E-12	2.895794E-01
348883.6918	3.560663E-11	-1.459883E+00
348884.0920	1.450292E-10	-1.015225E+00
348884.4922	5.672911E-10	3.618809E+00
348884.8924	2.129743E-09	2.170481E+00
348885.2926	7.674501E-09	3.798250E+00
348885.6928	2.654445E-08	-2.007069E+00
348886.0930	8.812498E-08	1.082878E-01
348886.4932	2.808187E-07	9.294738E-01
348886.8934	8.589240E-07	-4.729270E-01
348887.2936	2.521651E-06	3.373101E+00
348887.6938	7.105866E-06	-1.257778E+00
348888.0940	1.921988E-05	3.578103E+00
348888.4942	4.989832E-05	-2.839677E-01
348888.8944	1.243434E-04	-4.100919E+00
348889.2946	2.974139E-04	-1.100372E+00
348889.6948	6.828120E-04	-5.096785E+00
348890.0950	1.504674E-03	-2.173843E-01
348890.4952	3.182617E-03	-4.156878E-01
348890.8954	6.461403E-03	-1.587394E+00
348891.2956	1.259124E-02	1.808581E+00
348891.6958	2.355089E-02	2.262330E+00
348892.0960	4.228063E-02	1.631337E+00
348892.4962	7.285630E-02	3.619301E+00
348892.8964	1.204981E-01	2.277462E+00
348893.2966	1.912833E-01	-3.255278E+00
348893.6968	2.914430E-01	-6.510284E-01
348894.0970	4.261970E-01	-4.845278E-01
348894.4972	5.982103E-01	-3.392543E+00
348894.8974	8.059414E-01	2.322150E+00
348895.2976	1.042319E+00	-3.463152E+00
348895.6978	1.294274E+00	1.102929E-01
348896.0980	1.543591E+00	2.794305E+00
348896.4982	1.769298E+00	1.116291E+00
348896.8984	1.951482E+00	-4.589153E-01
348897.2986	2.075993E+00	3.578483E+00
348897.6988	2.139286E+00	1.730600E+00
348898.0990	2.152510E+00	2.957243E+00
348898.4992	2.144080E+00	2.927794E+00
348898.8994	2.160126E+00	2.347219E+00
348899.2996	2.262367E+00	-1.249131E+00
348899.6998	2.523088E+00	8.529070E-01
348900.1001	3.016960E+00	2.487789E+00
348900.5003	3.809858E+00	1.086955E+00
348900.9005	4.945525E+00	8.832192E+00
348901.3007	6.432149E+00	2.209688E+00
348901.7009	8.232119E+00	1.102702E+01
348902.1011	1.025877E+01	1.352713E+01
348902.5013	1.238321E+01	1.673391E+01
348902.9015	1.445208E+01	1.980424E+01
348903.3017	1.631399E+01	1.767816E+01
348903.7019	1.784963E+01	1.907375E+01
348904.1021	1.899914E+01	2.250452E+01
348904.5023	1.978043E+01	2.478196E+01
348904.9025	2.029427E+01	1.952151E+01
348905.3027	2.071476E+01	2.178018E+01
348905.7029	2.126698E+01	2.581696E+01
348906.1031	2.219711E+01	2.496218E+01
348906.5033	2.374114E+01	1.999939E+01
348906.9035	2.609784E+01	2.923095E+01
348907.3037	2.940733E+01	2.882034E+01
348907.7039	3.373319E+01	3.442015E+01
348908.1041	3.904445E+01	4.122455E+01
348908.5043	4.519718E+01	4.457504E+01
348908.9045	5.192176E+01	5.238898E+01
348909.3047	5.882624E+01	5.814608E+01
348909.7049	6.542386E+01	6.352512E+01
348910.1051	7.118385E+01	6.786510E+01
348910.5053	7.559415E+01	7.824435E+01
348910.9055	7.822108E+01	8.070699E+01
348911.3057	7.875527E+01	7.850137E+01
348911.7059	7.704255E+01	7.786366E+01
348912.1061	7.310396E+01	7.612270E+01
348912.5063	6.714736E+01	6.404189E+01
348912.9065	5.956535E+01	5.436414E+01
348913.3067	5.090855E+01	5.315997E+01
348913.7069	4.182470E+01	4.007397E+01
348914.1071	3.296769E+01	3.574332E+01
348914.5073	2.489722E+01	2.518803E+01
348914.9075	1.799959E+01	1.847667E+01
348915.3077	1.245367E+01	1.019320E+01
348915.7079	8.247229E+00	5.718149E+00
348916.1081	5.229503E+00	6.918601E+00
348916.5083	3.176665E+00	9.398001E-01
348916.9085	1.849526E+00	-9.550138E-01
348917.3087	1.032569E+00	1.108870E+00
348917.7089	5.529660E-01	5.176193E-01
348918.1091	2.841237E-01	3.373847E+00
348918.5093	1.400939E-01	3.292950E+00
348918.9095	6.629487E-02	4.581660E-01
348919.3097	3.011038E-02	-1.422501E+00
348919.7099	1.312632E-02	5.181907E-01
348920.1101	5.492475E-03	-5.813303E+00
348920.5103	2.205945E-03	-1.341973E+00
348920.9105	8.504026E-04	1.291028E+00
348921.3107	3.146732E-04	-1.683875E+00
348921.7109	1.117676E-04	1.014544E+00
348922.1111	3.811999E-05	-2.379219E+00
348922.5113	1.253171E-05	-5.109064E+00
348922.9115	4.123436E-06	3.335226E+00
348923.3117	1.824828E-06	4.832064E-01
348923.7119	2.261496E-06	-2.025041E+00
348924.1121	5.587347E-06	3.339505E+00
348924.5123	1.511196E-05	-1.544296E-01
348924.9125	3.979851E-05	-3.277321E+00
348925.3127	1.007954E-04	1.826264E+00
348925.7129	2.452357E-04	1.808181E+00
348926.1131	5.732520E-04	-2.517876E+00
348926.5133	1.287822E-03	-2.233262E-01
348926.9135	2.781575E-03	-2.790243E+00
348927.3137	5.779395E-03	1.527752E+00
348927.7139	1.155928E-02	6.327693E-01
348928.1141	2.227521E-02	-3.152336E+00
348928.5143	4.140405E-02	2.644939E+00
348928.9145	7.433605E-02	1.915956E+00
348929.3147	1.291292E-01	-6.874622E-01
348929.7149	2.174584E-01	-1.787109E+00
348930.1151	3.558093E-01	-3.145021E+00
348930.5153	5.669769E-01	1.525568E+00
348930.9155	8.818881E-01	-2.501646E+00
348931.3157	1.341602E+00	1.087750E+00
348931.7159	1.998993E+00	-2.044829E+00
348932.1161	2.919079E+00	2.706932E-01
348932.5163	4.176392E+00	3.085238E+00
348932.9165	5.847499E+00	5.353056E+00
348933.3167	7.997314E+00	9.491325E+00
348933.7169	1.065948E+01	8.061140E+00
348934.1171	1.381386E+01	1.998565E+01
348934.5173	1.736710E+01	1.834911E+01
348934.9175	2.114353E+01	2.187940E+01
348935.3177	2.489254E+01	2.066807E+01
348935.7179	2.831386E+01	2.629344E+01
348936.1181	3.109696E+01	3.028646E+01
348936.5183	3.296603E+01	3.251168E+01
348936.9185	3.372158E+01	3.509912E+01
348937.3187	3.327103E+01	3.505224E+01
348937.7189	3.164393E+01	2.983732E+01
348938.1191	2.898974E+01	3.283019E+01
348938.5193	2.555797E+01	2.758656E+01
348938.9195	2.166250E+01	1.800458E+01
348939.3197	1.763537E+01	1.895331E+01
348939.7199	1.377884E+01	1.488021E+01
348940.1201	1.032629E+01	1.157361E+01
348940.5203	7.420505E+00	4.808903E+00
348940.9205	5.112450E+00	7.514175E+00
348941.3207	3.377188E+00	9.191966E-01
348941.7209	2.139409E+00	4.233936E+00
348942.1211	1.300151E+00	1.688020E+00
348942.5213	7.585514E-01	-1.435506E-01
348942.9215	4.258682E-01	1.205217E+00
348943.3217	2.319889E-01	8.337386E-01
348943.7219	1.263451E-01	-4.097874E+00
348944.1221	7.560527E-02	4.361660E+00
348944.5223	6.015207E-02	2.628760E-01
348944.9225	7.066590E-02	-5.929418E-01
348945.3227	1.054903E-01	1.851834E+00
348945.7229	1.690197E-01	-2.381971E+00
348946.1231	2.711658E-01	6.932304E+00
348946.5233	4.279758E-01	-7.347855E-01
348946.9235	6.635797E-01	1.103900E+00
348947.3237	1.013692E+00	2.395809E+00
348947.7239	1.530683E+00	2.321534E+00
348948.1241	2.289578E+00	-2.732933E+00
348948.5243	3.393220E+00	6.157892E+00
348948.9245	4.973321E+00	4.138020E+00
348949.3247	7.183013E+00	6.320217E+00
348949.7249	1.017666E+01	1.097602E+01
348950.1251	1.407537E+01	1.592983E+01
348950.5253	1.892209E+01	1.660254E+01
348950.9255	2.463737E+01	2.423562E+01
348951.3257	3.099142E+01	3.248144E+01
348951.7259	3.760683E+01	3.782859E+01
348952.1261	4.399686E+01	4.217868E+01
348952.5263	4.963107E+01	4.906049E+01
348952.9265	5.401045E+01	5.111381E+01
348953.3267	5.673372E+01	6.027562E+01
348953.7269	5.754418E+01	5.743939E+01
348954.1271	5.635582E+01	5.404876E+01
348954.5273	5.326195E+01	5.400849E+01
348954.9275	4.852837E+01	4.840232E+01
348955.3277	4.256827E+01	4.261019E+01
348955.7279	3.589533E+01	4.006768E+01
348956.1281	2.905582E+01	3.137601E+01
348956.5283	2.255094E+01	2.128132E+01
348956.9285	1.676816E+01	2.155473E+01
348957.3287	1.194044E+01	9.879201E+00
348957.7289	8.142278E+00	9.227633E+00
348958.1291	5.318025E+00	6.981883E+00
348958.5293	3.328016E+00	-1.031799E+00
348958.9295	1.996295E+00	3.699846E+00
348959.3297	1.148241E+00	2.558357E+00
348959.7299	6.335024E-01	1.548749E+00
348960.1301	3.353335E-01	2.261529E+00
348960.5303	1.703311E-01	1.363942E+00
348960.9305	8.303272E-02	-4.265132E-01
348961.3307	3.884844E-02	6.935349E-02
348961.7309	1.744557E-02	6.743487E-01
348962.1311	7.519589E-03	2.739852E+00
348962.5313	3.111040E-03	5.091228E-01
348962.9315	1.235442E-03	-3.792691E+00
348963.3317	4.709181E-04	-3.898988E+00
348963.7319	1.722962E-04	-5.997536E+00
348964.1321	6.050803E-05	4.385583E+00
348964.5323	2.039660E-05	-1.834594E+00
348964.9325	6.599483E-06	-1.713485E+00
348965.3327	2.049602E-06	9.806237E-01
348965.7329	6.109932E-07	3.099153E+00
348966.1331	1.748279E-07	-2.748925E+00
348966.5333	4.801670E-08	-5.938650E+00
348966.9335	1.265847E-08	-3.370244E+00
348967.3337	3.203149E-09	3.722159E-01
348967.7339	7.779999E-10	-2.812503E+00
348968.1341	1.813857E-10	6.668582E-01
348968.5343	4.059713E-11	-1.373627E+00
348968.9345	8.720467E-12	-2.072978E+00
348969.3347	1.797758E-12	-1.311233E+00
348969.7349	3.488187E-13	2.031395E+00
348970.1351	8.049661E-14	-6.422450E+00
348970.5353	0.000000E+00	7.992909E-01
348970.9355	0.000000E+00	-2.312806E+00
348971.3357	0.000000E+00	2.156163E-01
348971.7359	0.000000E+00	3.802881E+00
348972.1361	0.000000E+00	-6.611489E-01
348972.5363	0.000000E+00	9.956968E-01
348972.9365	0.000000E+00	-2.025803E+00
348973.3367	0.000000E+00	-2.315471E+00
348973.7369	0.000000E+00	-1.195434E+00
348974.1371	0.000000E+00	2.556129E-01
348974.5373	0.000000E+00	2.840364E+00
348974.9375	0.000000E+00	-7.627987E-01
348975.3377	0.000000E+00	-1.872533E+00
348975.7379	0.000000E+00	3.099068E+00
348976.1381	0.000000E+00	2.305120E-01
348976.5383	0.000000E+00	3.216744E+00
348976.9385	0.000000E+00	-7.757300E+00
348977.3387	0.000000E+00	3.362513E+00
348977.7389	0.000000E+00	4.439539E-01
348978.1391	0.000000E+00	4.847424E-01
348978.5393	0.000000E+00	8.075611E-01
348978.9395	0.000000E+00	8.109301E-01
348979.3397	0.000000E+00	3.123606E+00
348979.7399	0.000000E+00	4.327929E+00
348980.1401	0.000000E+00	3.440615E+00
348980.5403	0.000000E+00	1.518410E+00
348980.9405	0.000000E+00	-2.227242E+00
348981.3407	0.000000E+00	1.912139E+00
348981.7409	0.000000E+00	1.576516E+00
348982.1411	0.000000E+00	2.197120E+00
348982.5413	0.000000E+00	3.282657E+00
348982.9415	0.000000E+00	-1.847820E+00
348983.3417	0.000000E+00	-1.110023E+00
348983.7419	0.000000E+00	9.581138E-01
348984.1421	0.000000E+00	-1.207564E+00
348984.5423	0.000000E+00	-6.703221E-01
348984.9425	0.000000E+00	4.198208E-01
348985.3427	0.000000E+00	-2.580686E+00
348985.7429	0.000000E+00	-3.482617E+00
348986.1431	0.000000E+00	-1.435320E+00
348986.5433	0.000000E+00	1.723814E+00
348986.9435	0.000000E+00	2.433815E-01
348987.3437	0.000000E+00	-2.699416E+00
348987.7439	0.000000E+00	-1.169248E+00
348988.1441	0.000000E+00	-2.363132E-01
348988.5443	0.000000E+00	-4.594354E-01
348988.9445	0.000000E+00	1.679837E-01
348989.3447	0.000000E+00	9.122883E-01
348989.7449	0.000000E+00	-2.034647E+00
348990.1451	0.000000E+00	1.374787E+00
348990.5453	0.000000E+00	2.447467E+00
348990.9455	0.000000E+00	-4.834861E-01
348991.3457	0.000000E+00	-1.112012E+00
348991.7459	0.000000E+00	6.133471E-01
348992.1461	0.000000E+00	1.016291E+00
348992.5463	0.000000E+00	-5.232514E-01
348992.9465	0.000000E+00	1.839715E+00
348993.3467	0.000000E+00	-4.801973E+00
348993.7469	0.000000E+00	-8.542903E-01
348994.1471	0.000000E+00	7.767804E-01
348994.5473	0.000000E+00	1.637119E+00
348994.9475	0.000000E+00	2.381171E-01
348995.3477	0.000000E+00	-1.102432E+00
348995.7479	0.000000E+00	2.990225E+00
348996.1481	0.000000E+00	8.965315E-01
348996.5483	0.000000E+00	-2.146866E+00
348996.9485	0.000000E+00	-1.959592E+00
348997.3487	0.000000E+00	-1.482792E-01
348997.7489	0.000000E+00	5.780846E-01
348998.1491	0.000000E+00	3.190267E+00
348998.5493	0.000000E+00	-2.514675E+00
348998.9495	0.000000E+00	2.298266E+00
348999.3497	0.000000E+00	3.137671E-01
348999.7499	0.000000E+00	1.185452E+00
349000.1501	0.000000E+00	-5.095727E-01
349000.5503	0.000000E+00	1.048920E-01
349000.9505	0.000000E+00	-2.513928E+00
349001.3507	0.000000E+00	4.686138E+00
349001.7509	0.000000E+00	7.304154E-01
349002.1511	0.000000E+00	-1.091749E+00
349002.5513	0.000000E+00	2.413358E+00
349002.9515	0.000000E+00	-6.971341E-01
349003.3517	0.000000E+00	-4.695783E+00
349003.7519	0.000000E+00	1.433510E+00
349004.1521	0.000000E+00	-8.660340E-01
349004.5523	0.000000E+00	-3.740582E+00
349004.9525	0.000000E+00	8.516167E-01
349005.3527	0.000000E+00	4.714953E-01
349005.7529	0.000000E+00	1.921141E-01
349006.1531	0.000000E+00	-2.820177E+00
349006.5533	0.000000E+00	5.967368E-01
349006.9535	0.000000E+00	7.856478E-01
349007.3537	0.000000E+00	-2.445141E+00
349007.7539	0.000000E+00	-2.884610E+00
349008.1541	2.683211E-14	-5.611062E-01
349008.5543	8.049632E-14	1.484396E+00
349008.9545	4.293137E-13	-1.570537E+00
349009.3547	2.227065E-12	4.088727E+00
349009.7549	1.078651E-11	-3.253930E-01
349010.1551	5.017603E-11	1.998565E-01
349010.5553	2.238870E-10	-1.654240E+00
349010.9555	9.588719E-10	-1.788369E+00
349011.3557	3.942091E-09	-3.886390E-01
349011.7559	1.555645E-08	3.022473E+00
349012.1561	5.892610E-08	-2.567037E+00
349012.5563	2.142494E-07	2.782186E+00
349012.9565	7.477322E-07	2.080992E+00
349013.3567	2.504882E-06	-2.563628E+00
349013.7569	8.054582E-06	-4.691492E+00
349014.1571	2.486070E-05	-3.444187E+00
349014.5573	7.365435E-05	4.591767E-02
349014.9575	2.094585E-04	-1.154310E-01
349015.3577	5.717577E-04	3.748241E+00
349015.7579	1.498098E-03	6.689344E-01
349016.1581	3.767748E-03	-2.348750E-02
349016.5583	9.095683E-03	2.998363E+00
349016.9585	2.107645E-02	-6.880656E-02
349017.3587	4.687722E-02	-3.091831E+00
349017.7589	1.000729E-01	-4.071721E-01
349018.1591	2.050401E-01	-3.996090E+00
349018.5593	4.031736E-01	3.742620E-01
349018.9595	7.607051E-01	1.068384E+00
349019.3597	1.376960E+00	4.981545E-02
349019.7599	2.390453E+00	5.037131E+00
349020.1601	3.978575E+00	3.024512E+00
349020.5603	6.345517E+00	4.949147E+00
349020.9605	9.693760E+00	1.125861E+01
349021.3607	1.417827E+01	1.919763E+01
349021.7609	1.984983E+01	1.954588E+01
349022.1611	2.660239E+01	2.420218E+01
349022.5613	3.414451E+01	3.074090E+01
349022.9615	4.201096E+01	4.094900E+01
349023.3617	4.961714E+01	5.244014E+01
349023.7619	5.634211E+01	5.865615E+01
349024.1621	6.161595E+01	5.989775E+01
349024.5623	6.498973E+01	6.705279E+01
349024.9625	6.617914E+01	6.813482E+01
349025.3627	6.508488E+01	6.293230E+01
349025.7629	6.179828E+01	6.260599E+01
349026.1631	5.659619E+01	5.508002E+01
349026.5633	4.992129E+01	4.979883E+01
349026.9635	4.233967E+01	4.095520E+01
349027.3637	3.447183E+01	3.834390E+01
349027.7639	2.690568E+01	2.450420E+01
349028.1641	2.011282E+01	1.601025E+01
349028.5643	1.439253E+01	1.524023E+01
349028.9645	9.858306E+00	6.320675E+00
349029.3647	6.464999E+00	8.603334E+00
349029.7649	4.060873E+00	-1.683908E+00
349030.1651	2.444496E+00	3.451456E+00
349030.5653	1.411277E+00	-1.770825E+00
349030.9655	7.829170E-01	-1.396295E+00
349031.3657	4.205246E-01	3.694207E-01
349031.7659	2.262087E-01	-8.374347E-03
349032.1661	1.389175E-01	2.857620E+00
349032.5663	1.294709E-01	-8.198876E-01
349032.9665	1.983396E-01	2.751740E-01
349033.3667	3.784355E-01	4.945452E-02
349033.7669	7.440283E-01	9.288668E-01
349034.1671	1.425505E+00	-1.354910E+00
349034.5673	2.627415E+00	3.301186E+00
349034.9675	4.643610E+00	3.632155E+00
349035.3677	7.858557E+00	4.309882E+00
349035.7679	1.271985E+01	1.143109E+01
349036.1681	1.966778E+01	1.697688E+01
349036.5683	2.901889E+01	3.222052E+01
349036.9685	4.082462E+01	4.322902E+01
349037.3687	5.475514E+01	5.746408E+01
349037.7689	7.007123E+01	6.886555E+01
349038.1691	8.572164E+01	8.716212E+01
349038.5693	1.005424E+02	1.041429E+02
349038.9695	1.134765E+02	1.160323E+02
349039.3697	1.237243E+02	1.215294E+02
349039.7699	1.307817E+02	1.328920E+02
349040.1701	1.343880E+02	1.308635E+02
349040.5703	1.344414E+02	1.343472E+02
349040.9705	1.309407E+02	1.324676E+02
349041.3707	1.239838E+02	1.277982E+02
349041.7709	1.138256E+02	1.156968E+02
349042.1711	1.009618E+02	1.021829E+02
349042.5713	8.618324E+01	8.421689E+01
349042.9715	7.054079E+01	6.900401E+01
349043.3717	5.519830E+01	5.612480E+01
349043.7719	4.121363E+01	3.777850E+01
349044.1721	2.933739E+01	2.874761E+01
349044.5723	1.991186E+01	1.996188E+01
349044.9725	1.289559E+01	1.570693E+01
349045.3727	7.977888E+00	6.078527E+00
349045.7729	4.720234E+00	3.487469E+00
349046.1731	2.673855E+00	5.266437E+00
349046.5733	1.451485E+00	4.339448E+00
349046.9735	7.557062E-01	-2.194047E+00
349047.3737	3.777707E-01	-1.532728E+00
349047.7739	1.817349E-01	-5.349432E-02
349048.1741	8.468248E-02	1.058303E+00
349048.5743	3.895841E-02	8.920668E-01
349048.9745	1.864201E-02	-7.641811E-01
349049.3747	1.034123E-02	8.760553E-01
349049.7749	7.454617E-03	2.877011E+00
349050.1751	6.855151E-03	-2.548875E+00
349050.5753	7.102433E-03	2.721507E+00
349050.9755	7.543236E-03	-5.593881E-01
349051.3757	7.893096E-03	1.660041E+00
349051.7759	8.063682E-03	-2.616340E+00
349052.1761	8.113178E-03	-3.631161E-01
349052.5763	8.265412E-03	4.643924E+00
349052.9765	8.983906E-03	-2.851216E+00
349053.3767	1.110994E-02	-9.567596E-01
349053.7769	1.608318E-02	-1.459897E-01
349054.1771	2.625806E-02	1.328820E+00
349054.5773	4.530501E-02	-3.292332E+00
349054.9775	7.863842E-02	4.293421E-01
349055.3777	1.337469E-01	-2.099335E-01
349055.7779	2.202283E-01	-2.835356E+00
349056.1781	3.492849E-01	1.689235E+00
349056.5783	5.324526E-01	4.223340E+00
349056.9785	7.794633E-01	5.415940E+00
349057.3787	1.095390E+00	8.246952E-01
349057.7789	1.477547E+00	7.364931E-02
349058.1791	1.912935E+00	7.053069E+00
349058.5793	2.377155E+00	-4.674427E-02
349058.9795	2.835570E+00	8.376387E+00
349059.3797	3.247017E+00	7.884988E-01
349059.7799	3.569667E+00	1.280110E+00
349060.1801	3.767925E+00	1.058619E+00
349060.5803	3.818820E+00	4.109401E+00
349060.9805	3.716328E+00	4.032890E+00
349061.3807	3.472528E+00	1.161809E+01
349061.7809	3.115291E+00	5.745734E+00
349062.1811	2.683102E+00	2.416202E+00
349062.5813	2.218314E+00	2.604782E+00
349062.9815	1.760436E+00	1.036606E+00
349063.3817	1.340913E+00	3.617373E+00
349063.7819	9.802690E-01	5.508320E+00
349064.1821	6.877753E-01	2.429210E+00
349064.5823	4.631320E-01	9.768487E-01
349064.9825	2.993136E-01	-3.539205E+00
349065.3827	1.856612E-01	1.884739E-01
349065.7829	1.105349E-01	-6.216335E-01
349066.1831	6.316423E-02	-2.646812E+00
349066.5833	3.464528E-02	-7.126570E-01
349066.9835	1.823998E-02	-2.908425E+00
349067.3837	9.217570E-03	1.364002E+00
349067.7839	4.471187E-03	-2.246720E-01
349068.1841	2.081832E-03	-8.061853E-01
349068.5843	9.304377E-04	3.161695E+00
349068.9845	3.991739E-04	-7.805239E+00
349069.3847	1.644341E-04	3.479957E-01
349069.7849	6.520044E-05	1.071693E+00
349070.1851	2.542511E-05	2.373244E+00
349070.5853	1.147545E-05	-1.981468E+00
349070.9855	1.086942E-05	-3.051620E-01
349071.3857	2.402027E-05	-1.928663E+00
349071.7859	6.583236E-05	4.998647E+00
349072.1861	1.793737E-04	1.221486E+00
349072.5863	4.710452E-04	-4.664376E+00
349072.9865	1.187917E-03	4.259187E+00
349073.3867	2.875756E-03	-5.566311E+00
349073.7869	6.682500E-03	-2.687784E+00
349074.1871	1.490537E-02	-6.379918E+00
349074.5873	3.191236E-02	-5.912823E-01
349074.9875	6.558139E-02	1.838837E+00
349075.3877	1.293587E-01	-2.042665E+00
349075.7879	2.448977E-01	2.853369E+00
349076.1881	4.449569E-01	3.305264E-02
349076.5883	7.758072E-01	3.796100E+00
349076.9885	1.297888E+00	2.067081E+00
349077.3887	2.083062E+00	4.066066E+00
349077.7889	3.206847E+00	4.119673E+00
349078.1891	4.734802E+00	9.996298E-01
349078.5893	6.703981E+00	3.868211E+00
349078.9895	9.102768E+00	1.157741E+01
349079.3897	1.185455E+01	1.012858E+01
349079.7899	1.481146E+01	2.146853E+01
349080.1901	1.776261E+01	1.618258E+01
349080.5903	2.045763E+01	1.795291E+01
349080.9905	2.264132E+01	1.942469E+01
349081.3907	2.409247E+01	2.057468E+01
349081.7909	2.465866E+01	2.243414E+01
349082.1911	2.428078E+01	2.357645E+01
349082.5913	2.300315E+01	2.349409E+01
349082.9915	2.096827E+01	1.722757E+01
349083.3917	1.839700E+01	1.605142E+01
349083.7919	1.555783E+01	1.330768E+01
349084.1921	1.273110E+01	1.634225E+01
349084.5923	1.017533E+01	6.683181E+00
349084.9925	8.102257E+00	1.003063E+01
349085.3927	6.663926E+00	9.664478E+00
349085.7929	5.950546E+00	3.189365E+00
349086.1931	5.994488E+00	6.836295E+00
349086.5933	6.774809E+00	9.155878E+00
349086.9935	8.218884E+00	7.575634E+00
349087.3937	1.020163E+01	8.891592E+00
349087.7939	1.254617E+01	1.408042E+01
349088.1941	1.503098E+01	1.143454E+01
349088.5943	1.740668E+01	1.603000E+01
349088.9945	1.942213E+01	1.793899E+01
349089.3947	2.085552E+01	2.288452E+01
349089.7949	2.154435E+01	1.945554E+01
349090.1951	2.140803E+01	2.427524E+01
349090.5953	2.045864E+01	2.231403E+01
349090.9955	1.879752E+01	2.204423E+01
349091.3957	1.659810E+01	1.345398E+01
349091.7959	1.407758E+01	1.035291E+01
349092.1961	1.146270E+01	8.067501E+00
349092.5963	8.956616E+00	6.466246E+00
349092.9965	6.713667E+00	7.048103E+00
349093.3967	4.826758E+00	3.964943E+00
349093.7969	3.328193E+00	3.983682E+00
349094.1971	2.201098E+00	3.293334E+00
349094.5973	1.396358E+00	-1.054152E+00
349094.9975	8.498470E-01	2.110319E+00
349095.3977	4.962853E-01	3.135707E+00
349095.7979	2.781130E-01	1.718632E-01
349096.1981	1.495725E-01	9.752524E-01
349096.5983	7.720633E-02	1.257086E-01
349096.9985	3.825122E-02	-2.277670E+00
349097.3987	1.819039E-02	8.088181E-01
349097.7989	8.303299E-03	-7.738716E-02
349098.1991	3.638112E-03	-1.190850E+00
349098.5993	1.530102E-03	1.539760E+00
349098.9995	6.177104E-04	-3.029468E+00
349099.3997	2.393707E-04	3.181723E-01
349099.7999	8.904029E-05	-4.269439E-01
349100.2001	3.179946E-05	1.718345E+00
349100.6003	1.092891E-05	-2.916754E+00
349101.0005	3.709793E-06	-2.655665E+00
349101.4007	1.585175E-06	1.445978E-01
349101.8009	1.916448E-06	-1.642036E+00
349102.2011	5.342169E-06	3.237885E+00
349102.6013	1.679476E-05	-3.300193E+00
349103.0015	5.148359E-05	-1.276617E+00
349103.4017	1.517022E-04	1.771200E+00
349103.8019	4.291363E-04	-2.495294E+00
349104.2021	1.165285E-03	-1.269824E+00
349104.6023	3.037383E-03	-4.365558E+00
349105.0025	7.599719E-03	5.276700E+00
349105.4027	1.825264E-02	2.424767E+00
349105.8029	4.208055E-02	6.515999E-01
349106.2031	9.312283E-02	-3.136676E+00
349106.6033	1.978027E-01	-3.113229E+00
349107.0035	4.032498E-01	1.001310E+00
349107.4037	7.888965E-01	-3.387404E-01
349107.8039	1.480701E+00	2.447962E+00
349108.2041	2.665391E+00	2.280699E+00
349108.6043	4.599188E+00	3.727747E+00
349109.0045	7.602293E+00	1.205631E+01
349109.4047	1.202875E+01	1.455532E+01
349109.8049	1.820428E+01	1.774625E+01
349110.2051	2.633500E+01	2.795940E+01
349110.6053	3.640738E+01	3.371249E+01
349111.0055	4.811589E+01	4.729863E+01
349111.4057	6.085743E+01	5.736326E+01
349111.8059	7.380957E+01	7.288179E+01
349112.2061	8.607134E+01	8.573598E+01
349112.6063	9.681478E+01	9.642007E+01
349113.0065	1.053938E+02	1.057900E+02
349113.4067	1.113861E+02	1.067572E+02
349113.8069	1.145781E+02	1.126839E+02
349114.2071	1.149254E+02	1.160900E+02
349114.6073	1.125157E+02	1.163695E+02
349115.0075	1.075518E+02	1.065604E+02
349115.4077	1.003489E+02	1.033880E+02
349115.8079	9.133436E+01	9.494849E+01
349116.2081	8.103321E+01	8.393029E+01
349116.6083	7.003084E+01	7.411353E+01
349117.0085	5.891852E+01	6.216452E+01
349117.4087	4.823542E+01	4.684824E+01
349117.8089	3.842381E+01	4.118242E+01
349118.2091	2.980771E+01	2.906102E+01
349118.6093	2.259648E+01	2.108118E+01
349119.0095	1.690859E+01	2.291816E+01
349119.4097	1.280793E+01	1.757185E+01
349119.8099	1.034398E+01	1.025013E+01
349120.2101	9.586006E+00	1.058264E+01
349120.6103	1.063992E+01	7.545031E+00
349121.0105	1.363652E+01	1.232578E+01
349121.4107	1.868468E+01	2.047575E+01
349121.8109	2.579451E+01	2.522152E+01
349122.2111	3.479201E+01	3.551677E+01
349122.6113	4.525969E+01	4.503633E+01
349123.0115	5.653714E+01	5.796395E+01
349123.4117	6.779309E+01	6.996906E+01
349123.8119	7.814761E+01	7.770856E+01
349124.2121	8.679928E+01	8.799468E+01
349124.6123	9.311533E+01	9.840556E+01
349125.0125	9.666870E+01	1.003069E+02
349125.4127	9.723552E+01	9.418009E+01
349125.8129	9.478092E+01	9.604562E+01
349126.2131	8.945557E+01	9.291158E+01
349126.6133	8.160691E+01	7.893696E+01
349127.0135	7.178818E+01	7.367026E+01
349127.4137	6.073686E+01	6.013357E+01
349127.8139	4.930112E+01	5.026370E+01
349128.2141	3.831823E+01	3.746983E+01
349128.6143	2.847936E+01	2.444657E+01
349129.0145	2.022896E+01	2.148032E+01
349129.4147	1.373237E+01	1.043718E+01
349129.8149	8.913461E+00	9.147402E+00
349130.2151	5.535773E+00	4.653787E+00
349130.6153	3.292075E+00	3.650551E+00
349131.0155	1.875956E+00	1.091443E+00
349131.4157	1.024909E+00	3.965389E-01
349131.8159	5.370884E-01	-5.792600E+00
349132.2161	2.700487E-01	5.656030E+00
349132.6163	1.303194E-01	-2.884985E+00
349133.0165	6.040830E-02	4.053552E+00
349133.4167	2.700802E-02	1.796229E+00
349133.8169	1.192204E-02	2.099022E+00
349134.2171	5.851845E-03	-1.775002E+00
349134.6173	4.559108E-03	5.769846E+00
349135.0175	6.771620E-03	9.653371E-01
349135.4177	1.329591E-02	-3.695611E+00
349135.8179	2.696514E-02	3.116192E-01
349136.2181	5.318857E-02	-6.127196E-01
349136.6183	1.009290E-01	-8.757491E-01
349137.0185	1.838966E-01	-3.182822E+00
349137.4187	3.216152E-01	1.961208E+00
349137.8189	5.398314E-01	5.341341E+00
349138.2191	8.695741E-01	2.152266E+00
349138.6193	1.344159E+00	3.304500E+00
349139.0195	1.993712E+00	-2.313473E+00
349139.4197	2.837419E+00	5.238364E+00
349139.8199	3.874653E+00	5.082205E+00
349140.2201	5.077082E+00	1.063693E+00
349140.6203	6.384416E+00	1.869626E+00
349141.0205	7.706124E+00	7.411973E+00
349141.4207	8.930222E+00	1.235635E+01
349141.8209	9.938281E+00	8.238689E+00
349142.2211	1.062391E+01	9.546929E+00
349142.6213	1.091077E+01	1.230071E+01
349143.0215	1.076603E+01	1.001332E+01
349143.4217	1.020632E+01	6.147674E+00
349143.8219	9.294698E+00	8.109198E+00
349144.2221	8.129426E+00	5.501813E+00
349144.6223	6.827045E+00	9.557019E+00
349145.0225	5.503591E+00	8.076511E+00
349145.4227	4.258037E+00	4.810938E+00
349145.8229	3.161253E+00	2.213429E+00
349146.2231	2.251968E+00	2.063358E+00
349146.6233	1.539259E+00	-2.611903E+00
349147.0235	1.009535E+00	-6.855146E-01
349147.4237	6.353552E-01	1.139670E+00
349147.8239	3.837319E-01	2.696174E+00
349148.2241	2.224254E-01	2.626050E+00
349148.6243	1.237403E-01	1.732891E+00
349149.0245	6.607356E-02	1.902788E+00
349149.4247	3.386476E-02	3.158632E+00
349149.8249	1.666025E-02	1.796868E+00
349150.2251	7.867448E-03	-4.408226E+00
349150.6253	3.566227E-03	-3.586373E+00
349151.0255	1.551703E-03	-1.579308E+00
349151.4257	6.480882E-04	3.238473E-01
349151.8259	2.598283E-04	5.383166E+00
349152.2261	9.999372E-05	-3.474685E+00
349152.6263	3.694575E-05	-2.236522E+00
349153.0265	1.312797E-05	-2.062889E-01
349153.4267	4.564420E-06	2.964184E+00
349153.8269	1.816031E-06	-1.559938E+00
349154.2271	1.624042E-06	-4.692281E+00
349154.6273	3.776212E-06	-1.609412E+00
349155.0275	1.092888E-05	-1.230389E+00
349155.4277	3.129329E-05	-2.137701E-01
349155.8279	8.627273E-05	1.241358E+00
349156.2281	2.283898E-04	-2.360419E-01
349156.6283	5.804273E-04	-7.132451E-01
349157.0285	1.416042E-03	5.311074E-01
349157.4287	3.316346E-03	1.720358E+00
349157.8289	7.455867E-03	-7.612155E-01
349158.2291	1.609123E-02	-2.931754E+00
349158.6293	3.333723E-02	6.577053E-01
349159.0295	6.629987E-02	4.297835E+00
349159.4297	1.265693E-01	-1.210903E+00
349159.8299	2.319322E-01	-1.773036E+00
349160.2301	4.079316E-01	1.072444E-01
349160.6303	6.886158E-01	2.282635E+00
349161.0305	1.115558E+00	4.231063E+00
349161.4307	1.734169E+00	3.880667E+00
349161.8309	2.586637E+00	2.707595E+00
349162.2311	3.701662E+00	6.644910E+00
349162.6313	5.082412E+00	3.461863E+00
349163.0315	6.695495E+00	3.475967E+00
349163.4317	8.464551E+00	9.659651E+00
349163.8319	1.027175E+01	1.243579E+01
349164.2321	1.196882E+01	1.038281E+01
349164.6323	1.339668E+01	1.284149E+01
349165.0325	1.441025E+01	1.728917E+01
349165.4327	1.490363E+01	1.829666E+01
349165.8329	1.483091E+01	1.551501E+01
349166.2331	1.421943E+01	1.411821E+01
349166.6333	1.317450E+01	1.699018E+01
349167.0335	1.187713E+01	1.179563E+01
349167.4337	1.057792E+01	1.065214E+01
349167.8339	9.590991E+00	6.508420E+00
349168.2341	9.289472E+00	1.063752E+01
349168.6343	1.009978E+01	1.095933E+01
349169.0345	1.248509E+01	9.891698E+00
349169.4347	1.690375E+01	2.065378E+01
349169.8349	2.373088E+01	2.315313E+01
349170.2351	3.314570E+01	3.101364E+01
349170.6353	4.501307E+01	4.328385E+01
349171.0355	5.881129E+01	5.844008E+01
349171.4357	7.365765E+01	7.463246E+01
349171.8359	8.844578E+01	8.831731E+01
349172.2361	1.020495E+02	9.845792E+01
349172.6363	1.135106E+02	1.116038E+02
349173.0365	1.221410E+02	1.214976E+02
349173.4367	1.275254E+02	1.246075E+02
349173.8369	1.294591E+02	1.314156E+02
349174.2371	1.278798E+02	1.324199E+02
349174.6373	1.228366E+02	1.213053E+02
349175.0375	1.145143E+02	1.136747E+02
349175.4377	1.032992E+02	1.034160E+02
349175.8379	8.984178E+01	8.807476E+01
349176.2381	7.506121E+01	7.106696E+01
349176.6383	6.005092E+01	6.491494E+01
349177.0385	4.589554E+01	5.062866E+01
349177.4387	3.346526E+01	3.279358E+01
349177.8389	2.327250E+01	1.983468E+01
349178.2391	1.544196E+01	1.740526E+01
349178.6393	9.785076E+00	1.027121E+01
349179.0395	5.927932E+00	6.941967E+00
349179.4397	3.437039E+00	4.739611E+00
349179.8399	1.909002E+00	-1.774684E+00
349180.2401	1.016432E+00	-2.854660E+00
349180.6403	5.190657E-01	6.106058E+00
349181.0405	2.543233E-01	-2.314323E+00
349181.4407	1.195812E-01	-4.809627E+00
349181.8409	5.396435E-02	2.049160E+00
349182.2411	2.337490E-02	-1.772354E+00
349182.6413	9.718705E-03	2.415557E-01
349183.0415	3.878838E-03	-1.092590E+00
349183.4417	1.486353E-03	-1.094863E+00
349183.8419	5.478064E-04	-2.910046E+00
349184.2421	1.970536E-04	2.410066E+00
349184.6423	7.742129E-05	-6.649052E+00
349185.0425	5.475721E-05	3.985403E+00
349185.4427	9.592327E-05	1.997816E+00
349185.8429	2.304228E-04	-3.350363E+00
349186.2431	5.615775E-04	8.496263E-02
349186.6433	1.322687E-03	-3.765403E+00
349187.0435	2.992821E-03	-2.673420E+00
349187.4437	6.500924E-03	1.123561E+00
349187.8439	1.355511E-02	-1.760164E-01
349188.2441	2.713048E-02	4.847027E+00
349188.6443	5.212351E-02	1.493148E+00
349189.0445	9.612243E-02	1.839349E+00
349189.4447	1.701456E-01	-4.462561E+00
349189.8449	2.890735E-01	-4.494463E-01
349190.2451	4.713796E-01	6.396808E-01
349190.6453	7.377163E-01	-2.574867E+00
349191.0455	1.108016E+00	4.263980E+00
349191.4457	1.597080E+00	6.529590E+00
349191.8459	2.209161E+00	3.339038E+00
349192.2461	2.932633E+00	1.613262E+00
349192.6463	3.736331E+00	2.097545E+00
349193.0465	4.569158E+00	7.706159E+00
349193.4467	5.364034E+00	5.359463E+00
349193.8469	6.046168E+00	8.879901E+00
349194.2471	6.544380E+00	6.923975E+00
349194.6473	6.803124E+00	1.114607E+00
349195.0475	6.792473E+00	4.124088E+00
349195.4477	6.513674E+00	1.007895E+01
349195.8479	5.998911E+00	5.051085E+00
349196.2481	5.305345E+00	4.502443E+00
349196.6483	4.504875E+00	5.170740E+00
349197.0485	3.672072E+00	5.127060E+00
349197.4487	2.873021E+00	5.552941E+00
349197.8489	2.157351E+00	-1.318606E-01
349198.2491	1.554645E+00	7.930880E-01
349198.6493	1.075131E+00	-2.810154E+00
349199.0495	7.135367E-01	-2.534851E+00
349199.4497	4.544759E-01	-1.927773E+00
349199.8499	2.778204E-01	2.379083E+00
349200.2501	1.630045E-01	-4.698365E+00
349200.6503	9.180431E-02	3.205585E-01
349201.0505	4.965284E-02	2.141459E+00
349201.4507	2.585244E-02	-3.008948E+00
349201.8509	1.314325E-02	-1.063140E+00
349202.2511	7.047435E-03	-6.374417E-01
349202.6513	5.327383E-03	-2.955909E+00
349203.0515	7.851880E-03	-4.343751E+00
349203.4517	1.721748E-02	4.821799E+00
349203.8519	4.066401E-02	9.391519E-01
349204.2521	9.416868E-02	-2.027990E+00
349204.6523	2.100666E-01	1.493079E+00
349205.0525	4.499814E-01	-4.585065E-01
349205.4527	9.249075E-01	3.569501E+00
349205.8529	1.823307E+00	5.577746E-01
349206.2531	3.445061E+00	-8.689416E-01
349206.6533	6.232912E+00	7.415981E+00
349207.0535	1.078335E+01	1.284498E+01
349207.4537	1.780827E+01	1.610903E+01
349207.8539	2.801557E+01	2.511388E+01
349208.2541	4.189586E+01	4.103296E+01
349208.6543	5.945528E+01	6.105733E+01
349209.0545	8.000703E+01	7.772994E+01
349209.4547	1.021691E+02	1.055895E+02
349209.8549	1.241439E+02	1.261976E+02
349210.2551	1.441859E+02	1.403144E+02
349210.6553	1.610254E+02	1.639417E+02
349211.0555	1.740450E+02	1.733445E+02
349211.4557	1.831784E+02	1.813432E+02
349211.8559	1.886553E+02	1.876269E+02
349212.2561	1.907435E+02	1.932948E+02
349212.6563	1.895777E+02	1.883925E+02
349213.0565	1.850977E+02	1.893716E+02
349213.4567	1.770990E+02	1.794724E+02
349213.8569	1.654039E+02	1.631920E+02
349214.2571	1.501521E+02	1.481172E+02
349214.6573	1.321479E+02	1.325165E+02
349215.0575	1.131062E+02	1.114360E+02
349215.4577	9.559876E+01	9.592209E+01
349215.8579	8.259128E+01	8.613570E+01
349216.2581	7.667370E+01	7.270171E+01
349216.6583	7.926501E+01	7.710951E+01
349217.0585	9.011566E+01	9.674688E+01
349217.4587	1.073305E+02	1.105048E+02
349217.8589	1.279398E+02	1.305466E+02
349218.2591	1.488025E+02	1.497686E+02
349218.6593	1.674439E+02	1.650843E+02
349219.0595	1.824764E+02	1.854408E+02
349219.4597	1.935225E+02	1.949875E+02
349219.8599	2.008308E+02	2.006695E+02
349220.2601	2.048559E+02	2.045975E+02
349220.6603	2.059570E+02	2.074542E+02
349221.0605	2.042433E+02	2.038464E+02
349221.4607	1.995310E+02	1.980737E+02
349221.8609	1.913925E+02	1.965304E+02
349222.2611	1.793149E+02	1.784922E+02
349222.6613	1.629843E+02	1.629124E+02
349223.0615	1.426437E+02	1.447011E+02
349223.4617	1.193514E+02	1.170861E+02
349223.8619	9.492650E+01	9.601052E+01
349224.2621	7.151361E+01	6.708003E+01
349224.6623	5.096745E+01	5.102192E+01
349225.0625	3.438768E+01	3.694831E+01
349225.4627	2.200740E+01	2.024004E+01
349225.8629	1.339309E+01	1.470898E+01
349226.2631	7.770069E+00	9.241231E+00
349226.6633	4.306630E+00	6.470686E+00
349227.0635	2.284255E+00	2.530491E+00
349227.4637	1.160816E+00	3.060373E+00
349227.8639	5.656373E-01	6.696016E+00
349228.2641	2.644124E-01	-8.470147E-01
349228.6643	1.186097E-01	5.806322E-02
349229.0645	5.106492E-02	7.739892E-01
349229.4647	2.110211E-02	3.528001E+00
349229.8649	8.370441E-03	-7.324485E-01
349230.2651	3.187121E-03	-3.849676E-02
349230.6653	1.164878E-03	3.008789E+00
349231.0655	4.086917E-04	-4.376450E+00
349231.4657	1.376402E-04	-3.616744E-02
349231.8659	4.449683E-05	3.049414E+00
349232.2661	1.380853E-05	-2.733855E+00
349232.6663	4.113395E-06	4.248333E+00
349233.0665	1.176218E-06	-1.179586E+00
349233.4667	3.228568E-07	2.445867E+00
349233.8669	8.506809E-08	2.674663E+00
349234.2671	2.151594E-08	-1.436818E+00
349234.6673	5.224340E-09	-2.379068E+00
349235.0675	1.220056E-09	1.621038E+00
349235.4677	2.838239E-10	1.081230E+00
349235.8679	1.063870E-10	4.042617E+00
349236.2681	2.040269E-10	-1.270540E+00
349236.6683	7.408721E-10	1.396598E-02
349237.0685	2.727371E-09	3.770463E+00
349237.4687	9.665842E-09	-1.491182E-01
349237.8689	3.288807E-08	1.539636E+00
349238.2691	1.074187E-07	-3.347879E+00
349238.6693	3.367929E-07	3.435630E+00
349239.0695	1.013653E-06	-6.994676E-01
349239.4697	2.928614E-06	-2.612511E+00
349239.8699	8.122444E-06	-3.161088E-01
349240.2701	2.162575E-05	1.144136E+00
349240.6703	5.527487E-05	-5.584290E+00
349241.0705	1.356364E-04	-1.366188E+00
349241.4707	3.195562E-04	2.857171E+00
349241.8709	7.229171E-04	-1.219536E+00
349242.2711	1.570633E-03	-3.663920E+00
349242.6713	3.278095E-03	-3.641342E+00
349243.0715	6.575210E-03	-1.662816E+00
349243.4717	1.268287E-02	1.803288E+00
349243.8719	2.354909E-02	2.867567E+00
349244.2721	4.215337E-02	5.251711E-01
349244.6723	7.290732E-02	-2.384445E+00
349245.0725	1.222436E-01	2.720052E+00
349245.4727	1.996300E-01	2.115958E+00
349245.8729	3.195114E-01	-4.176188E+00
349246.2731	5.050700E-01	-6.196318E-01
349246.6733	7.951475E-01	3.527295E+00
349247.0735	1.255962E+00	3.060612E+00
349247.4737	1.998974E+00	-3.505492E+00
349247.8739	3.204768E+00	5.158743E+00
349248.2741	5.149371E+00	5.539686E+00
349248.6743	8.223592E+00	1.106266E+01
349249.0745	1.292861E+01	1.394248E+01
349249.4747	1.982563E+01	2.010006E+01
349249.8749	2.942159E+01	2.990896E+01
349250.2751	4.199519E+01	3.945655E+01
349250.6753	5.740946E+01	5.459990E+01
349251.0755	7.499782E+01	7.091783E+01
349251.4757	9.361065E+01	9.371539E+01
349251.8759	1.118413E+02	1.133949E+02
349252.2761	1.283439E+02	1.278529E+02
349252.6763	1.420962E+02	1.389623E+02
349253.0765	1.524996E+02	1.533974E+02
349253.4767	1.593133E+02	1.561777E+02
349253.8769	1.625003E+02	1.630413E+02
349254.2771	1.620789E+02	1.577592E+02
349254.6773	1.580404E+02	1.563279E+02
349255.0775	1.503593E+02	1.490453E+02
349255.4777	1.390936E+02	1.384801E+02
349255.8779	1.245424E+02	1.242176E+02
349256.2781	1.073924E+02	1.058208E+02
349256.6783	8.875554E+01	9.048569E+01
349257.0785	7.003218E+01	7.071751E+01
349257.4787	5.262315E+01	5.273922E+01
349257.8789	3.761483E+01	3.851528E+01
349258.2791	2.558087E+01	2.786758E+01
349258.6793	1.656898E+01	1.711625E+01
349259.0795	1.023634E+01	1.022229E+01
349259.4797	6.041472E+00	4.640150E+00
349259.8799	3.411170E+00	2.318613E+00
349260.2801	1.844674E+00	5.786089E+00
349260.6803	9.562159E-01	-1.454940E+00
349261.0805	4.754022E-01	2.136273E+00
349261.4807	2.267752E-01	-3.998141E-01
349261.8809	1.038150E-01	-9.671132E-01
349262.2811	4.561888E-02	7.804803E-01
349262.6813	1.925531E-02	5.013657E+00
349263.0815	7.845004E-03	5.649457E-01
349263.4817	3.199062E-03	-5.690132E+00
349263.8819	1.629081E-03	-8.275202E-01
349264.2821	1.794530E-03	2.922059E+00
349264.6823	3.848529E-03	-1.400140E+00
349265.0825	9.547062E-03	1.411135E+00
349265.4827	2.337415E-02	-2.985344E-01
349265.8829	5.513298E-02	-1.538132E-02
349266.2831	1.248814E-01	3.153692E+00
349266.6833	2.715071E-01	1.639797E+00
349267.0835	5.664668E-01	-2.766846E+00
349267.4837	1.133868E+00	2.265602E+00
349267.8839	2.176503E+00	2.204220E-01
349268.2841	4.003861E+00	2.085405E+00
349268.6843	7.051903E+00	6.724225E+00
349269.0845	1.187638E+01	1.011762E+01
349269.4847	1.909542E+01	1.870082E+01
349269.8849	2.926148E+01	3.179207E+01
349270.2851	4.266790E+01	4.371606E+01
349270.6853	5.914260E+01	5.960542E+01
349271.0855	7.792822E+01	7.712343E+01
349271.4857	9.774649E+01	9.717879E+01
349271.8859	1.170641E+02	1.134933E+02
349272.2861	1.344542E+02	1.381052E+02
349272.6863	1.488833E+02	1.499085E+02
349273.0865	1.598051E+02	1.583696E+02
349273.4867	1.670693E+02	1.682529E+02
349273.8869	1.707420E+02	1.736401E+02
349274.2871	1.709450E+02	1.710544E+02
349274.6873	1.677834E+02	1.666415E+02
349275.0875	1.613911E+02	1.633836E+02
349275.4877	1.520994E+02	1.531023E+02
349275.8879	1.406850E+02	1.395849E+02
349276.2881	1.285827E+02	1.271737E+02
349276.6883	1.178619E+02	1.237052E+02
349277.0885	1.108049E+02	1.097632E+02
349277.4887	1.091497E+02	1.060151E+02
349277.8889	1.133736E+02	1.132087E+02
349278.2891	1.224770E+02	1.252174E+02
349278.6893	1.344227E+02	1.305869E+02
349279.0895	1.469326E+02	1.493497E+02
349279.4897	1.581651E+02	1.579050E+02
349279.8899	1.669958E+02	1.646373E+02
349280.2901	1.729420E+02	1.730811E+02
349280.6903	1.759356E+02	1.745007E+02
349281.0905	1.761294E+02	1.794074E+02
349281.4907	1.738211E+02	1.725543E+02
349281.8909	1.694982E+02	1.706077E+02
349282.2911	1.639406E+02	1.646631E+02
349282.6913	1.582592E+02	1.630236E+02
349283.0915	1.537360E+02	1.534684E+02
349283.4917	1.514389E+02	1.486523E+02
349283.8919	1.517897E+02	1.485535E+02
349284.2921	1.543778E+02	1.530127E+02
349284.6923	1.581550E+02	1.555935E+02
349285.0925	1.618514E+02	1.612192E+02
349285.4927	1.643349E+02	1.643800E+02
349285.8929	1.647592E+02	1.643123E+02
349286.2931	1.625392E+02	1.655522E+02
349286.6933	1.572726E+02	1.605578E+02
349287.0935	1.487071E+02	1.502024E+02
349287.4937	1.367931E+02	1.356060E+02
349287.8939	1.217998E+02	1.224623E+02
349288.2941	1.044235E+02	1.020527E+02
349288.6943	8.578856E+01	8.815725E+01
349289.0945	6.728128E+01	7.083833E+01
349289.4947	5.025154E+01	4.535031E+01
349289.8949	3.570897E+01	3.620760E+01
349290.2951	2.414835E+01	2.427527E+01
349290.6953	1.555776E+01	1.449315E+01
349291.0955	9.563070E+00	1.129349E+01
349291.4957	5.616990E+00	7.465577E+00
349291.8959	3.156875E+00	4.788702E+00
349292.2961	1.699535E+00	3.979860E+00
349292.6963	8.771355E-01	2.729906E+00
349293.0965	4.342119E-01	3.759817E+00
349293.4967	2.062455E-01	1.964930E+00
349293.8969	9.401661E-02	1.690445E+00
349294.2971	4.113511E-02	2.649327E+00
349294.6973	1.727571E-02	9.543101E-01
349295.0975	6.964471E-03	-4.409730E+00
349295.4977	2.695109E-03	3.100171E-01
349295.8979	1.001160E-03	2.195330E+00
349296.2981	3.570022E-04	5.860017E+00
349296.6983	1.222029E-04	-5.517658E-01
349297.0985	4.015688E-05	1.466448E+00
349297.4987	1.267659E-05	4.146628E-01
349297.8989	3.875681E-06	-4.371475E-01
349298.2991	1.257398E-06	-1.912626E+00
349298.6993	7.904868E-07	7.723510E-01
349299.0995	1.629032E-06	8.470828E-01
349299.4997	4.804696E-06	3.428691E-01
349299.8999	1.421413E-05	6.095979E-01
349300.3002	4.051804E-05	-2.565804E+00
349300.7004	1.109063E-04	-1.682365E-01
349301.1006	2.914195E-04	-1.228685E-01
349301.5008	7.350647E-04	-2.465718E+00
349301.9010	1.779819E-03	-1.426406E+00
349302.3012	4.136837E-03	1.637538E+00
349302.7014	9.230014E-03	-3.178346E+00
349303.1016	1.976856E-02	1.146343E+00
349303.5018	4.064267E-02	4.046530E-01
349303.9020	8.020773E-02	4.541644E+00
349304.3022	1.519375E-01	-3.044600E+00
349304.7024	2.762550E-01	4.980519E-01
349305.1026	4.820872E-01	2.818195E+00
349305.5028	8.073783E-01	1.581806E-01
349305.9030	1.297547E+00	-1.498748E+00
349306.3032	2.000872E+00	-2.332163E+00
349306.7034	2.960229E+00	4.783464E+00
349307.1036	4.201603E+00	4.754170E+00
349307.5038	5.721220E+00	5.183537E+00
349307.9040	7.474515E+00	6.777252E+00
349308.3042	9.370835E+00	9.707246E+00
349308.7044	1.127706E+01	1.344382E+01
349309.1046	1.303131E+01	1.206645E+01
349309.5048	1.446495E+01	1.396899E+01
349309.9050	1.542868E+01	1.607165E+01
349310.3052	1.581716E+01	1.137929E+01
349310.7054	1.558689E+01	1.521902E+01
349311.1056	1.476373E+01	1.186883E+01
349311.5058	1.343841E+01	8.612234E+00
349311.9060	1.175105E+01	1.112792E+01
349312.3062	9.867826E+00	1.098134E+01
349312.7064	7.954738E+00	1.201819E+01
349313.1066	6.154018E+00	5.333022E+00
349313.5068	4.568029E+00	3.613508E+00
349313.9070	3.253033E+00	4.237276E+00
349314.3072	2.222434E+00	1.355669E+00
349314.7074	1.456702E+00	1.637012E+00
349315.1076	9.161178E-01	2.249685E+00
349315.5078	5.528601E-01	1.861207E+00
349315.9080	3.201879E-01	3.799765E+00
349316.3082	1.779741E-01	-1.739952E+00
349316.7084	9.495095E-02	-2.682791E+00
349317.1086	4.862419E-02	2.207380E+00
349317.5088	2.390175E-02	2.681151E+00
349317.9090	1.127820E-02	2.738965E-01
349318.3092	5.108436E-03	3.768042E+00
349318.7094	2.221144E-03	1.421152E+00
349319.1096	9.270600E-04	-9.709035E-01
349319.5098	3.714343E-04	-6.297376E-01
349319.9100	1.428563E-04	-4.244503E-01
349320.3102	5.274248E-05	4.913974E+00
349320.7104	1.869241E-05	-5.157701E+00
349321.1106	6.359363E-06	3.728493E+00
349321.5108	2.076853E-06	-1.676973E+00
349321.9110	6.510907E-07	2.036711E+00
349322.3112	1.959390E-07	-2.168172E+00
349322.7114	5.660359E-08	-4.028148E-01
349323.1116	1.569680E-08	1.184793E+00
349323.5118	4.178520E-09	1.575611E+00
349323.9120	1.067752E-09	1.625610E+00
349324.3122	2.619272E-10	-1.353124E+00
349324.7124	6.168516E-11	1.421557E+00
349325.1126	1.395228E-11	1.241563E+00
349325.5128	3.031937E-12	2.723703E+00
349325.9130	6.171199E-13	-1.464435E+00
349326.3132	1.341565E-13	3.999665E+00
349326.7134	2.683130E-14	-4.401348E+00
349327.1136	0.000000E+00	5.746642E+00
349327.5138	0.000000E+00	-8.577075E-01
349327.9140	0.000000E+00	-1.617454E+00
349328.3142	0.000000E+00	-1.470427E+00
349328.7144	0.000000E+00	9.704570E-03
349329.1146	0.000000E+00	5.937420E+00
349329.5148	8.049387E-14	-1.177535E-01
349329.9150	4.024693E-13	7.185878E+00
349330.3152	2.039178E-12	1.134962E+00
349330.7154	1.030321E-11	-1.571099E+00
349331.1156	4.985253E-11	-1.906645E+00
349331.5158	2.313930E-10	-5.366433E-01
349331.9160	1.030804E-09	1.682398E+00
349332.3162	4.408353E-09	2.901050E+00
349332.7164	1.809762E-08	-7.755171E-01
349333.1166	7.132044E-08	-5.519079E+00
349333.5168	2.698075E-07	2.183628E+00
349333.9170	9.798091E-07	1.423767E+00
349334.3172	3.415673E-06	-1.223712E-01
349334.7174	1.143032E-05	-2.536566E+00
349335.1176	3.671875E-05	4.871724E+00
349335.5178	1.132308E-04	4.244504E-01
349335.9180	3.351882E-04	-9.649704E-01
349336.3182	9.524884E-04	-3.715995E+00
349336.7184	2.598227E-03	2.710158E+00
349337.1186	6.803613E-03	1.869385E+00
349337.5188	1.710189E-02	-1.985800E+00
349337.9190	4.126513E-02	6.602082E-01
349338.3192	9.557465E-02	-7.628071E-01
349338.7194	2.124679E-01	1.798722E+00
349339.1196	4.532937E-01	-2.634526E+00
349339.5198	9.279030E-01	-1.670874E-01
349339.9200	1.821769E+00	4.081711E+00
349340.3202	3.428323E+00	7.745224E+00
349340.7204	6.178195E+00	5.227473E+00
349341.1206	1.064792E+01	1.565531E+01
349341.5208	1.752103E+01	1.638151E+01
349341.9210	2.747225E+01	2.496923E+01
349342.3212	4.096463E+01	3.841523E+01
349342.7214	5.799863E+01	5.749613E+01
349343.1216	7.791882E+01	7.920173E+01
349343.5218	9.941309E+01	9.975571E+01
349343.9220	1.207718E+02	1.199395E+02
349344.3222	1.403202E+02	1.409162E+02
349344.7224	1.568134E+02	1.576285E+02
349345.1226	1.696076E+02	1.699855E+02
349345.5228	1.785767E+02	1.791474E+02
349345.9230	1.838813E+02	1.843142E+02
349346.3232	1.857302E+02	1.849378E+02
349346.7234	1.842180E+02	1.843610E+02
349347.1236	1.792682E+02	1.766770E+02
349347.5238	1.706811E+02	1.735286E+02
349347.9240	1.582887E+02	1.552895E+02
349348.3242	1.421926E+02	1.444722E+02
349348.7244	1.230070E+02	1.235016E+02
349349.1246	1.019704E+02	1.007651E+02
349349.5248	8.080554E+01	7.858044E+01
349349.9250	6.133805E+01	6.040758E+01
349350.3252	4.504541E+01	5.103708E+01
349350.7254	3.275277E+01	3.193125E+01
349351.1256	2.458326E+01	1.943266E+01
349351.5258	2.011411E+01	2.167609E+01
349351.9260	1.861032E+01	1.535767E+01
349352.3262	1.922889E+01	2.585013E+01
349352.7264	2.115073E+01	2.199594E+01
349353.1266	2.364797E+01	2.323236E+01
349353.5268	2.611305E+01	2.921361E+01
349353.9270	2.807154E+01	2.691229E+01
349354.3272	2.918970E+01	2.953382E+01
349354.7274	2.927850E+01	3.579838E+01
349355.1276	2.829165E+01	3.018178E+01
349355.5278	2.631454E+01	2.684136E+01
349355.9280	2.354147E+01	2.663612E+01
349356.3282	2.024131E+01	2.419898E+01
349356.7284	1.671418E+01	2.106512E+01
349357.1286	1.324608E+01	1.627281E+01
349357.5288	1.006997E+01	1.173056E+01
349357.9290	7.341292E+00	1.253689E+01
349358.3292	5.131778E+00	4.972754E+00
349358.7294	3.439776E+00	4.310560E+00
349359.1296	2.211219E+00	1.417683E-01
349359.5298	1.363692E+00	9.533881E-01
349359.9300	8.075070E-01	1.714498E+00
349360.3302	4.604699E-01	-3.841927E+00
349360.7304	2.559015E-01	4.138862E+00
349361.1306	1.453402E-01	-4.311953E-01
349361.5308	9.812583E-02	-3.458517E+00
349361.9310	9.996529E-02	5.314383E+00
349362.3312	1.520221E-01	4.614981E-01
349362.7314	2.713356E-01	9.602573E-01
349363.1316	4.925898E-01	-2.931696E-01
349363.5318	8.704292E-01	3.777183E+00
349363.9320	1.480675E+00	3.717847E-01
349364.3322	2.418078E+00	2.340957E+00
349364.7324	3.788010E+00	6.740620E+00
349365.1326	5.690178E+00	4.698044E+00
349365.5328	8.194573E+00	8.557546E+00
349365.9330	1.131314E+01	7.036563E+00
349366.3332	1.497418E+01	1.399231E+01
349366.7334	1.900849E+01	2.064380E+01
349367.1336	2.315443E+01	2.294336E+01
349367.5338	2.708449E+01	3.312189E+01
349367.9340	3.044859E+01	3.039870E+01
349368.3342	3.292466E+01	3.111121E+01
349368.7344	3.426581E+01	3.554264E+01
349369.1346	3.433554E+01	3.711602E+01
349369.5348	3.312671E+01	3.625619E+01
349369.9350	3.076251E+01	2.932972E+01
349370.3352	2.747939E+01	2.692671E+01
349370.7354	2.359345E+01	2.419295E+01
349371.1356	1.945420E+01	1.865414E+01
349371.5358	1.539393E+01	1.352773E+01
349371.9360	1.168300E+01	1.401507E+01
349372.3362	8.501322E+00	1.303656E+01
349372.7364	5.930938E+00	9.747449E+00
349373.1366	3.968383E+00	1.906068E+00
349373.5368	2.549747E+00	2.710998E+00
349373.9370	1.579687E+00	-3.437611E-02
349374.3372	9.571544E-01	2.199083E+00
349374.7374	5.940807E-01	-2.726371E+00
349375.1376	4.266327E-01	4.577594E+00
349375.5378	4.206844E-01	2.287751E+00
349375.9380	5.736796E-01	1.557778E+00
349376.3382	9.143610E-01	6.872647E-01
349376.7384	1.500540E+00	3.548046E+00
349377.1386	2.413761E+00	-2.595311E+00
349377.5388	3.748972E+00	1.391654E+00
349377.9390	5.597612E+00	3.695989E+00
349378.3392	8.024276E+00	6.788300E+00
349378.7394	1.103999E+01	1.225454E+01
349379.1396	1.457825E+01	1.567815E+01
349379.5398	1.848176E+01	1.507055E+01
349379.9400	2.250646E+01	2.211995E+01
349380.3402	2.634497E+01	2.286783E+01
349380.7404	2.966588E+01	3.114095E+01
349381.1406	3.216032E+01	3.276547E+01
349381.5408	3.358611E+01	3.214130E+01
349381.9410	3.380175E+01	3.031421E+01
349382.3412	3.278576E+01	3.017824E+01
349382.7414	3.063961E+01	2.799671E+01
349383.1416	2.757426E+01	2.324461E+01
349383.5418	2.388137E+01	2.021863E+01
349383.9420	1.989299E+01	2.241110E+01
349384.3422	1.593705E+01	1.767124E+01
349384.7424	1.229902E+01	1.326088E+01
349385.1426	9.201150E+00	1.297335E+01
349385.5428	6.807622E+00	6.881098E+00
349385.9430	5.259319E+00	6.094619E+00
349386.3432	4.736445E+00	7.584643E+00
349386.7434	5.542085E+00	5.141890E+00
349387.1436	8.192051E+00	1.060067E+01
349387.5438	1.348105E+01	1.582700E+01
349387.9440	2.246961E+01	2.075965E+01
349388.3442	3.631061E+01	3.593783E+01
349388.7444	5.584623E+01	5.342923E+01
349389.1446	8.101566E+01	8.228246E+01
349389.5448	1.103387E+02	1.111585E+02
349389.9450	1.409248E+02	1.412066E+02
349390.3452	1.692890E+02	1.655989E+02
349390.7454	1.926432E+02	1.924510E+02
349391.1456	2.098230E+02	2.118309E+02
349391.5458	2.212708E+02	2.223574E+02
349391.9460	2.283073E+02	2.292507E+02
349392.3462	2.323472E+02	2.321319E+02
349392.7464	2.344709E+02	2.347062E+02
349393.1466	2.353318E+02	2.365682E+02
349393.5468	2.352105E+02	2.293731E+02
349393.9470	2.340665E+02	2.343487E+02
349394.3472	2.315296E+02	2.278316E+02
349394.7474	2.268376E+02	2.284811E+02
349395.1476	2.188008E+02	2.185231E+02
349395.5478	2.059640E+02	2.050994E+02
349395.9480	1.871407E+02	1.843412E+02
349396.3482	1.622457E+02	1.605027E+02
349396.7484	1.329065E+02	1.344188E+02
349397.1486	1.022254E+02	1.029118E+02
349397.5488	7.366681E+01	7.375914E+01
349397.9490	4.980390E+01	5.130060E+01
349398.3492	3.170060E+01	3.182699E+01
349398.7494	1.908053E+01	1.951247E+01
349399.1496	1.090623E+01	6.145888E+00
349399.5498	5.940998E+00	6.380440E+00
349399.9500	3.092441E+00	1.703108E+00
349400.3502	1.540995E+00	2.830104E+00
349400.7504	7.359936E-01	5.522148E-01
349401.1506	3.371569E-01	-5.407915E-01
349401.5508	1.482018E-01	-1.280170E+00
349401.9510	6.252216E-02	2.386646E+00
349402.3512	2.531764E-02	1.480181E+00
349402.7514	9.841132E-03	-3.381037E+00
349403.1516	3.672068E-03	3.198613E-01
349403.5518	1.315301E-03	1.305275E+00
349403.9520	4.522623E-04	1.594691E+00
349404.3522	1.492820E-04	6.359155E-01
349404.7524	4.730189E-05	1.812277E+00
349405.1526	1.438888E-05	3.963115E+00
349405.5528	4.204905E-06	-4.048111E+00
349405.9530	1.191057E-06	-1.733119E+00
349406.3532	3.634339E-07	-1.211758E+00
349406.7534	2.364814E-07	3.266741E+00
349407.1536	5.131967E-07	-1.036980E+00
349407.5538	1.513066E-06	7.341829E-02
349407.9540	4.431398E-06	3.656682E+00
349408.3542	1.249278E-05	-1.888060E+00
349408.7544	3.381612E-05	3.781319E+00
349409.1546	8.787199E-05	4.915588E+00
349409.5548	2.191958E-04	1.839567E-01
349409.9550	5.248904E-04	-1.750573E+00
349410.3552	1.206589E-03	-2.653425E+00
349410.7554	2.662588E-03	1.246465E+00
349411.1556	5.640296E-03	-1.330683E+00
349411.5558	1.146970E-02	-5.164959E+00
349411.9560	2.238990E-02	3.226031E+00
349412.3562	4.195649E-02	-2.217555E+00
349412.7564	7.547243E-02	-3.059037E+00
349413.1566	1.303206E-01	2.550228E-01
349413.5568	2.160054E-01	-1.831083E+00
349413.9570	3.436635E-01	-3.097147E-01
349414.3572	5.248182E-01	3.750591E+00
349414.7574	7.692768E-01	7.292148E+00
349415.1576	1.082308E+00	2.706940E+00
349415.5578	1.461565E+00	6.014731E+00
349415.9580	1.894532E+00	-1.385056E+00
349416.3582	2.357426E+00	4.335675E+00
349416.7584	2.816391E+00	3.207301E+00
349417.1586	3.231379E+00	9.020938E+00
349417.5588	3.562561E+00	3.630929E+00
349417.9590	3.778574E+00	2.179701E+00
349418.3592	3.865806E+00	4.424815E+00
349418.7594	3.838373E+00	5.712548E+00
349419.1596	3.749530E+00	3.353663E+00
349419.5598	3.706659E+00	5.561873E-01
349419.9600	3.892884E+00	6.339020E+00
349420.3602	4.597680E+00	5.150969E+00
349420.7604	6.254649E+00	6.983942E+00
349421.1606	9.475228E+00	1.226655E+01
349421.5608	1.505196E+01	1.419535E+01
349421.9610	2.388876E+01	1.895667E+01
349422.3612	3.681327E+01	3.476658E+01
349422.7614	5.426229E+01	5.488110E+01
349423.1616	7.592318E+01	7.671664E+01
349423.5618	1.005243E+02	9.890109E+01
349423.9620	1.259873E+02	1.329324E+02
349424.3622	1.499781E+02	1.456314E+02
349424.7624	1.706060E+02	1.699296E+02
349425.1626	1.868793E+02	1.864933E+02
349425.5628	1.987128E+02	1.998927E+02
349425.9630	2.065956E+02	2.083648E+02
349426.3632	2.111836E+02	2.146471E+02
349426.7634	2.130013E+02	2.134376E+02
349427.1636	2.122877E+02	2.131074E+02
349427.5638	2.089468E+02	2.085229E+02
349427.9640	2.025657E+02	2.055444E+02
349428.3642	1.925175E+02	1.913324E+02
349428.7644	1.781940E+02	1.787404E+02
349429.1646	1.593791E+02	1.618327E+02
349429.5648	1.366442E+02	1.392975E+02
349429.9650	1.115157E+02	1.102296E+02
349430.3652	8.620582E+01	8.590111E+01
349430.7654	6.297545E+01	6.028877E+01
349431.1656	4.347534E+01	4.179757E+01
349431.5658	2.841157E+01	3.258762E+01
349431.9660	1.762228E+01	1.698501E+01
349432.3662	1.040314E+01	1.010795E+01
349432.7664	5.860101E+00	4.525367E+00
349433.1666	3.156232E+00	5.394612E-01
349433.5668	1.627816E+00	5.262813E+00
349433.9670	8.047421E-01	-3.782348E-01
349434.3672	3.816034E-01	-2.145226E-01
349434.7674	1.736589E-01	1.788428E+00
349435.1676	7.592528E-02	-3.006658E+00
349435.5678	3.208072E-02	1.146555E-01
349435.9680	1.359562E-02	-2.346603E+00
349436.3682	7.028063E-03	-1.315031E+00
349436.7684	7.031139E-03	-3.417249E-01
349437.1686	1.313477E-02	1.571619E+00
349437.5688	2.914597E-02	2.943443E+00
349437.9690	6.479297E-02	5.391821E-01
349438.3692	1.399552E-01	8.413776E-01
349438.7694	2.924741E-01	-7.325316E-01
349439.1696	5.910861E-01	-1.630004E+00
349439.5698	1.155263E+00	2.379809E+00
349439.9700	2.183214E+00	3.127397E+00
349440.3702	3.987099E+00	2.437445E+00
349440.7704	7.029347E+00	3.740027E+00
349441.1706	1.194458E+01	1.195389E+01
349441.5708	1.951873E+01	2.084104E+01
349441.9710	3.058613E+01	3.153858E+01
349442.3712	4.581262E+01	4.733093E+01
349442.7714	6.537827E+01	6.431044E+01
349443.1716	8.866530E+01	9.267111E+01
349443.5718	1.141451E+02	1.136720E+02
349443.9720	1.396374E+02	1.394161E+02
349444.3722	1.629137E+02	1.632177E+02
349444.7724	1.823533E+02	1.840951E+02
349445.1726	1.972906E+02	1.974622E+02
349445.5728	2.079168E+02	2.065229E+02
349445.9730	2.149016E+02	2.203678E+02
349446.3732	2.189985E+02	2.179900E+02
349446.7734	2.207895E+02	2.211629E+02
349447.1736	2.205775E+02	2.191507E+02
349447.5738	2.183733E+02	2.206891E+02
349447.9740	2.139517E+02	2.140559E+02
349448.3742	2.070113E+02	2.053422E+02
349448.7744	1.975137E+02	1.917960E+02
349449.1746	1.861957E+02	1.814147E+02
349449.5748	1.749851E+02	1.759742E+02
349449.9750	1.667733E+02	1.672174E+02
349450.3752	1.642278E+02	1.660285E+02
349450.7754	1.682611E+02	1.766072E+02
349451.1756	1.774375E+02	1.801672E+02
349451.5758	1.888854E+02	1.943004E+02
349451.9760	1.998598E+02	2.018350E+02
349452.3762	2.087214E+02	2.095882E+02
349452.7764	2.149614E+02	2.160421E+02
349453.1766	2.187131E+02	2.130244E+02
349453.5768	2.202631E+02	2.242474E+02
349453.9770	2.197545E+02	2.191090E+02
349454.3772	2.170523E+02	2.125248E+02
349454.7774	2.117024E+02	2.068505E+02
349455.1776	2.029728E+02	2.079131E+02
349455.5778	1.900317E+02	1.918322E+02
349455.9780	1.723109E+02	1.725364E+02
349456.3782	1.499892E+02	1.485841E+02
349456.7784	1.243299E+02	1.277089E+02
349457.1786	9.756087E+01	9.843660E+01
349457.5788	7.224251E+01	7.533488E+01
349457.9790	5.045972E+01	5.057352E+01
349458.3792	3.330023E+01	3.423569E+01
349458.7794	2.082186E+01	2.317609E+01
349459.1796	1.237444E+01	1.203265E+01
349459.5798	7.010082E+00	1.025311E+01
349459.9800	3.794339E+00	4.022778E+00
349460.3802	1.965724E+00	9.935226E-02
349460.7804	9.758916E-01	-1.147285E+00
349461.1806	4.646282E-01	-1.747640E+00
349461.5808	2.122434E-01	3.968760E+00
349461.9810	9.304678E-02	4.447214E+00
349462.3812	3.915326E-02	-3.429574E-01
349462.7814	1.581486E-02	-3.160739E-01
349463.1816	6.132094E-03	3.362748E+00
349463.5818	2.282471E-03	2.860754E+00
349463.9820	8.155634E-04	-2.637542E-01
349464.3822	2.797485E-04	8.456241E-01
349464.7824	9.211614E-05	-3.308430E+00
349465.1826	2.911813E-05	1.645941E+00
349465.5828	8.836251E-06	2.297330E+00
349465.9830	2.575481E-06	1.665287E+00
349466.3832	7.252210E-07	1.790727E+00
349466.7834	2.110918E-07	-7.832612E-01
349467.1836	1.059751E-07	8.211709E-01
349467.5838	1.818499E-07	3.425258E+00
349467.9840	4.940171E-07	1.881853E+00
349468.3842	1.366302E-06	9.811932E-01
349468.7844	3.645734E-06	-2.895781E+00
349469.1846	9.342489E-06	-1.922102E+00
349469.5848	2.298347E-05	-4.312631E+00
349469.9850	5.427884E-05	9.356675E-01
349470.3852	1.230570E-04	4.617247E-01
349470.7854	2.678198E-04	-4.166905E-01
349471.1856	5.595511E-04	-5.926517E-01
349471.5858	1.122270E-03	-1.279192E+00
349471.9860	2.160803E-03	1.196296E+00
349472.3862	3.993862E-03	1.907825E+00
349472.7864	7.086480E-03	1.576907E+00
349473.1866	1.207055E-02	5.989876E-02
349473.5868	1.973704E-02	-6.112946E-01
349473.9870	3.098093E-02	-6.140223E-01
349474.3872	4.668352E-02	-3.403588E+00
349474.7874	6.752877E-02	-1.857875E+00
349475.1876	9.377132E-02	1.471508E+00
349475.5878	1.249993E-01	-1.108114E+00
349475.9880	1.599566E-01	-7.637371E-01
349476.3882	1.964972E-01	-1.794667E+00
349476.7884	2.317248E-01	-2.553563E+00
349477.1886	2.623333E-01	5.433127E-01
349477.5888	2.851032E-01	6.723247E-01
349477.9890	2.974548E-01	-5.893512E+00
349478.3892	2.979280E-01	-3.294311E+00
349478.7894	2.864660E-01	1.866554E+00
349479.1896	2.644266E-01	5.349086E+00
349479.5898	2.343177E-01	2.672833E+00
349479.9900	1.993289E-01	-2.068872E-01
349480.3902	1.627787E-01	1.401864E+00
349480.7904	1.276099E-01	-2.798792E+00
349481.1906	9.603482E-02	-1.614373E+00
349481.5908	6.937921E-02	4.621148E-01
349481.9910	4.811560E-02	-1.689617E+00
349482.3912	3.203306E-02	-2.673276E+00
349482.7914	2.047235E-02	-8.366294E-01
349483.1916	1.256014E-02	-4.134054E+00
349483.5918	7.397408E-03	2.823318E+00
349483.9920	4.182381E-03	3.179486E+00
349484.3922	2.270007E-03	-1.157020E+00
349484.7924	1.182744E-03	-2.369280E+00
349485.1926	5.915818E-04	-1.715898E-01
349485.5928	2.840529E-04	1.454027E+00
349485.9930	1.309315E-04	-2.783462E+00
349486.3932	5.793618E-05	3.195968E+00
349486.7934	2.461026E-05	-1.751903E+00
349487.1936	1.003560E-05	7.877601E-01
349487.5938	3.928540E-06	3.713038E+00
349487.9940	1.476318E-06	3.226041E+00
349488.3942	5.325853E-07	7.039903E-01
349488.7944	1.844417E-07	1.144238E+00
349489.1946	6.131831E-08	-8.830388E-01
349489.5948	1.956959E-08	6.225484E-01
349489.9950	5.995629E-09	-5.640312E+00
349490.3952	1.763379E-09	-8.198657E-01
349490.7954	4.978738E-10	1.031284E+00
349491.1956	1.349325E-10	1.244537E+00
349491.5958	3.512162E-11	-7.619728E-01
349491.9960	8.773696E-12	-1.491541E+00
349492.3962	2.092808E-12	6.371408E-01
349492.7964	4.829557E-13	1.087722E+00
349493.1966	1.073235E-13	1.610393E+00
349493.5968	2.683087E-14	-2.705955E+00
349493.9970	0.000000E+00	1.314776E+00
349494.3972	0.000000E+00	2.672449E+00
349494.7974	0.000000E+00	-3.655387E+00
349495.1976	0.000000E+00	-8.499842E-01
349495.5978	0.000000E+00	2.569473E+00
349495.9980	0.000000E+00	4.410583E+00
349496.3982	0.000000E+00	3.733399E+00
349496.7984	0.000000E+00	-4.127439E+00
349497.1986	0.000000E+00	-2.835511E+00
349497.5988	0.000000E+00	-4.559919E-01
349497.9990	0.000000E+00	2.825916E+00
349498.3992	0.000000E+00	4.387601E+00
349498.7994	0.000000E+00	-2.427856E+00
349499.1996	0.000000E+00	-2.497405E+00
349499.5998	0.000000E+00	4.328594E+00
349500.0000	0.000000E+00	-5.259643E-01
