#frequency	noise-free	noisy
84052.8211	2.628516E-01	-1.722993E-01
84053.3093	8.434268E-01	-1.122032E+00
84053.7976	2.098456E+00	1.370911E+00
84054.2859	4.090236E+00	4.535518E+00
84054.7741	6.376759E+00	5.971961E+00
84055.2624	8.222593E+00	7.553927E+00
84055.7506	9.126548E+00	8.477182E+00
84056.2389	8.956740E+00	8.823996E+00
84056.7271	7.729034E+00	6.715959E+00
84057.2154	5.671349E+00	6.914185E+00
84057.7036	3.406878E+00	2.379371E+00
84058.1919	1.668446E+00	1.274763E+00
84058.6801	9.246868E-01	1.355293E+00
84059.1684	1.790413E+00	2.807624E+00
84059.6566	6.253866E+00	6.383217E+00
84060.1449	1.824509E+01	1.924906E+01
84060.6331	4.059565E+01	3.960113E+01
84061.1214	6.922788E+01	6.832674E+01
84061.6096	9.413203E+01	9.398736E+01
84062.0979	1.079804E+02	1.081782E+02
84062.5861	1.089925E+02	1.096656E+02
84063.0744	9.820748E+01	9.884985E+01
84063.5626	8.182009E+01	8.148301E+01
84064.0509	7.598007E+01	7.557533E+01
84064.5391	9.162162E+01	9.316422E+01
84065.0274	1.148215E+02	1.147498E+02
84065.5156	1.278878E+02	1.276017E+02
84066.0039	1.258395E+02	1.266895E+02
84066.4922	1.073063E+02	1.072667E+02
84066.9804	7.381069E+01	7.644497E+01
84067.4687	3.806119E+01	3.708433E+01
84067.9569	1.490598E+01	1.339085E+01
84068.4452	5.502752E+00	4.758904E+00
84068.9334	2.923381E+00	3.045542E+00
84069.4217	2.151127E+00	3.009052E+00
84069.9099	1.602687E+00	5.961611E-01
84070.3982	1.567383E+00	2.448001E+00
84070.8864	3.362572E+00	1.596839E+00
84071.3747	9.145670E+00	9.704439E+00
84071.8629	2.058110E+01	1.901167E+01
84072.3512	3.577916E+01	3.649122E+01
84072.8394	4.859327E+01	4.924741E+01
84073.3277	5.286319E+01	5.231666E+01
84073.8159	4.658356E+01	4.681506E+01
84074.3042	3.295532E+01	3.299701E+01
84074.7924	1.872777E+01	1.939392E+01
84075.2807	9.253500E+00	9.664579E+00
84075.7689	4.902691E+00	5.308272E+00
84076.2572	3.164999E+00	3.755061E+00
84076.7454	2.100725E+00	3.327290E+00
84077.2337	1.188136E+00	7.124684E-01
84077.7220	5.310730E-01	-8.535064E-01
84078.2102	1.837551E-01	4.418402E-01
84078.6985	4.989326E-02	8.775010E-01
84079.1867	1.935875E-02	-4.830796E-01
84079.6750	6.975053E-02	7.955173E-01
84080.1632	3.825280E-01	5.995817E-01
84080.6515	1.644682E+00	2.103636E+00
84081.1397	5.401570E+00	6.100222E+00
84081.6280	1.346485E+01	1.424974E+01
84082.1162	2.546300E+01	2.543012E+01
84082.6045	3.699727E+01	3.697518E+01
84083.0927	4.219848E+01	4.186255E+01
84083.5810	3.823972E+01	3.710044E+01
84084.0692	2.727679E+01	2.681626E+01
84084.5575	1.499211E+01	1.337375E+01
84085.0457	6.256867E+00	5.435243E+00
84085.5340	1.980699E+00	2.116281E+00
84086.0222	4.783240E-01	1.086351E+00
84086.5105	8.855577E-02	5.735840E-01
84086.9987	1.259809E-02	6.689895E-01
84087.4870	1.378147E-03	-6.495845E-01
84087.9752	1.159466E-04	-1.295718E+00
84088.4635	7.503085E-06	-5.322351E-01
84088.9517	3.915450E-07	1.085892E+00
84089.4400	4.056382E-07	-1.066467E+00
84089.9283	6.478656E-06	-1.000794E+00
84090.4165	8.248007E-05	-2.749650E-01
84090.9048	8.076796E-04	-5.579399E-01
84091.3930	6.083063E-03	-4.019467E-01
84091.8813	3.523502E-02	1.063110E-01
84092.3695	1.569317E-01	-4.533764E-01
84092.8578	5.371866E-01	6.544359E-01
84093.3460	1.412302E+00	5.917181E-01
84093.8343	2.851407E+00	3.234176E+00
84094.3225	4.428278E+00	4.768943E+00
84094.8108	5.314948E+00	6.224009E+00
84095.2990	4.996429E+00	5.723720E+00
84095.7873	3.892452E+00	4.507189E+00
84096.2755	3.098796E+00	2.905334E+00
84096.7638	3.445463E+00	3.271253E+00
84097.2520	4.773043E+00	3.638199E+00
84097.7403	6.127894E+00	7.311337E+00
84098.2285	6.904718E+00	7.735586E+00
84098.7168	8.072659E+00	8.081681E+00
84099.2050	1.193540E+01	1.234863E+01
84099.6933	1.958134E+01	1.808884E+01
84100.1815	2.834218E+01	2.604977E+01
84100.6698	3.324146E+01	3.297569E+01
84101.1580	3.133467E+01	3.127515E+01
84101.6463	2.425299E+01	2.461236E+01
84102.1346	1.701632E+01	1.707177E+01
84102.6228	1.386627E+01	1.268193E+01
84103.1111	1.509444E+01	1.444171E+01
84103.5993	1.805336E+01	1.594338E+01
84104.0876	1.987038E+01	2.085865E+01
84104.5758	1.895539E+01	1.997410E+01
84105.0641	1.530998E+01	1.707594E+01
84105.5523	1.024783E+01	1.072694E+01
84106.0406	5.558744E+00	3.133071E+00
84106.5288	2.398359E+00	3.293872E+00
84107.0171	8.130049E-01	1.167747E+00
84107.5053	2.149620E-01	-8.556164E-01
84107.9936	4.413151E-02	1.166985E+00
84108.4818	7.012560E-03	-1.001543E+00
84108.9701	8.609939E-04	1.559644E+00
84109.4583	8.867107E-05	6.658648E-01
84109.9466	9.187956E-05	-8.589447E-01
84110.4348	7.865963E-04	-1.898063E-01
84110.9231	5.549276E-03	-8.966517E-01
84111.4113	3.021552E-02	4.535378E-01
84111.8996	1.269145E-01	1.661867E+00
84112.3878	4.111054E-01	-3.326770E-01
84112.8761	1.026592E+00	4.497481E-01
84113.3643	1.976581E+00	-7.461296E-01
84113.8526	2.939642E+00	4.193162E+00
84114.3409	3.397870E+00	3.382176E+00
84114.8291	3.125617E+00	2.955842E+00
84115.3174	2.528058E+00	3.770922E+00
84115.8056	2.375152E+00	4.663665E-01
84116.2939	3.158612E+00	2.131964E+00
84116.7821	4.812782E+00	5.950812E+00
84117.2704	7.546180E+00	7.969686E+00
84117.7586	1.365612E+01	1.375180E+01
84118.2469	2.764034E+01	2.888933E+01
84118.7351	5.066229E+01	5.187251E+01
84119.2234	7.482810E+01	7.446372E+01
84119.7116	8.923315E+01	8.997083E+01
84120.1999	8.849794E+01	8.834835E+01
84120.6881	7.263732E+01	7.278462E+01
84121.1764	4.717722E+01	4.665398E+01
84121.6646	2.315681E+01	2.339817E+01
84122.1529	8.645981E+00	8.433572E+00
84122.6411	3.058628E+00	3.339892E+00
84123.1294	2.201707E+00	2.543697E+00
84123.6176	3.068216E+00	2.677535E+00
84124.1059	4.112893E+00	2.643504E+00
84124.5941	4.491907E+00	3.292741E+00
84125.0824	3.930706E+00	4.220275E+00
84125.5706	2.743841E+00	2.533139E+00
84126.0589	1.519192E+00	2.380403E+00
84126.5472	6.630497E-01	-7.863687E-01
84127.0354	2.268996E-01	-2.401172E-01
84127.5237	6.068442E-02	-4.605506E-01
84128.0119	1.336968E-02	9.655685E-01
84128.5002	8.300922E-03	-5.129384E-01
84128.9884	3.925360E-02	5.617400E-01
84129.4767	1.865454E-01	1.506915E+00
84129.9649	6.855633E-01	1.432256E+00
84130.4532	1.934303E+00	6.819358E-01
84130.9414	4.186242E+00	4.331963E+00
84131.4297	6.958640E+00	8.411122E+00
84131.9179	8.919295E+00	1.022776E+01
84132.4062	8.848307E+00	1.119725E+01
84132.8944	6.792820E+00	5.419240E+00
84133.3827	4.019971E+00	3.915618E+00
84133.8709	1.826931E+00	3.461309E+00
84134.3592	6.368619E-01	5.307113E-01
84134.8474	1.704360E-01	-1.234477E+00
84135.3357	3.505619E-02	1.100560E-01
84135.8239	5.545595E-03	-5.150636E-01
84136.3122	6.773850E-04	-3.221732E-01
84136.8004	9.583071E-05	1.030997E-01
84137.2887	3.222338E-04	-4.864367E-01
84137.7769	2.377575E-03	-4.620495E-01
84138.2652	1.368653E-02	2.062148E-01
84138.7535	6.061468E-02	2.149296E+00
84139.2417	2.064733E-01	2.696838E-01
84139.7300	5.408037E-01	-1.403961E+00
84140.2182	1.089111E+00	1.512605E+00
84140.7065	1.687192E+00	1.023793E+00
84141.1947	2.012433E+00	2.400282E+00
84141.6830	1.849332E+00	1.932874E+00
84142.1712	1.308895E+00	8.358801E-02
84142.6595	7.128308E-01	-6.603154E-01
84143.1477	2.985137E-01	-5.457877E-01
84143.6360	9.611745E-02	6.946206E-02
84144.1242	2.380141E-02	4.929662E-01
84144.6125	4.533790E-03	1.103718E+00
84145.1007	6.643935E-04	7.090039E-01
84145.5890	7.490479E-05	-2.549580E+00
84146.0772	6.497068E-06	-2.118339E+00
84146.5655	4.335603E-07	-5.063437E-01
84147.0537	2.225901E-08	1.851610E-01
84147.5420	8.791973E-10	-1.513201E-01
84148.0302	2.672232E-11	3.731298E-01
84148.5185	6.209979E-13	-7.696588E-01
84149.0067	1.940618E-14	-5.304843E-02
84149.4950	0.000000E+00	2.706214E-01
84149.9832	0.000000E+00	-1.134640E+00
84150.4715	0.000000E+00	-4.431306E-01
84150.9598	0.000000E+00	4.923620E-01
84151.4480	0.000000E+00	-5.953382E-01
84151.9363	0.000000E+00	8.933157E-01
84152.4245	0.000000E+00	5.508830E-03
84152.9128	0.000000E+00	-1.632147E+00
84153.4010	0.000000E+00	3.282140E-01
84153.8893	0.000000E+00	-6.915431E-02
84154.3775	0.000000E+00	-2.016595E+00
84154.8658	0.000000E+00	6.378791E-01
84155.3540	0.000000E+00	1.261414E-01
84155.8423	2.134679E-13	1.198552E+00
84156.3305	1.030468E-11	-4.940752E-01
84156.8188	3.671260E-10	1.000734E+00
84157.3070	1.006140E-08	5.353246E-01
84157.7953	2.121685E-07	1.434562E+00
84158.2835	3.442604E-06	8.022367E-01
84158.7718	4.298104E-05	2.205924E-01
84159.2600	4.129048E-04	-4.586961E-01
84159.7483	3.052136E-03	1.051814E+00
84160.2365	1.735910E-02	1.088585E+00
84160.7248	7.595895E-02	-5.085607E-01
84161.2130	2.556606E-01	1.276050E+00
84161.7013	6.616837E-01	5.445906E-01
84162.1895	1.316766E+00	6.586317E-01
84162.6778	2.016008E+00	1.135153E+00
84163.1661	2.377289E+00	1.503201E+00
84163.6543	2.160641E+00	2.476265E+00
84164.1426	1.512995E+00	1.880113E+00
84164.6308	8.164259E-01	6.977777E-01
84165.1191	3.473161E-01	8.493267E-01
84165.6073	1.650508E-01	1.402215E+00
84166.0956	2.928130E-01	-1.016565E+00
84166.5838	9.562832E-01	7.799448E-01
84167.0721	2.611853E+00	3.442210E+00
84167.5603	5.506021E+00	5.248107E+00
84168.0486	8.937489E+00	7.841436E+00
84168.5368	1.122518E+01	1.243116E+01
84169.0251	1.095735E+01	1.002451E+01
84169.5133	8.308839E+00	6.633368E+00
84170.0016	4.870619E+00	5.122674E+00
84170.4898	2.197167E+00	2.608045E-01
84170.9781	7.617992E-01	1.443679E+00
84171.4663	2.032392E-01	1.841857E+00
84171.9546	4.178040E-02	5.815424E-01
84172.4428	6.623256E-03	6.849324E-01
84172.9311	8.098735E-04	1.043207E+00
84173.4193	7.638827E-05	2.514147E-01
84173.9076	5.557603E-06	-2.259065E-01
84174.3958	3.118729E-07	-1.422430E+00
84174.8841	1.349818E-08	5.841333E-01
84175.3724	4.587226E-10	-1.330654E+00
84175.8606	3.208031E-10	-1.086820E+00
84176.3489	8.994829E-09	-6.905729E-02
84176.8371	2.013527E-07	-2.140015E+00
84177.3254	3.468717E-06	1.241536E+00
84177.8136	4.598497E-05	7.982187E-01
84178.3019	4.691364E-04	-1.026295E-01
84178.7901	3.683148E-03	-1.859039E+00
84179.2784	2.225236E-02	7.902395E-02
84179.7666	1.034610E-01	-7.356738E-01
84180.2549	3.702938E-01	-2.066150E+00
84180.7431	1.022416E+00	-1.863330E+00
84181.2314	2.202541E+00	1.032325E+00
84181.7196	3.883238E+00	2.102400E+00
84182.2079	6.547361E+00	5.644478E+00
84182.6961	1.352936E+01	1.346764E+01
84183.1844	3.313945E+01	3.185245E+01
84183.6726	7.168806E+01	7.042777E+01
84184.1609	1.168470E+02	1.169255E+02
84184.6491	1.471571E+02	1.488342E+02
84185.1374	1.594798E+02	1.583804E+02
84185.6256	1.608665E+02	1.610699E+02
84186.1139	1.525833E+02	1.540453E+02
84186.6021	1.280330E+02	1.265826E+02
84187.0904	8.473079E+01	8.315388E+01
84187.5787	4.133914E+01	4.019129E+01
84188.0669	1.657825E+01	1.696556E+01
84188.5552	7.400207E+00	7.070698E+00
84189.0434	4.222828E+00	3.489345E+00
84189.5317	2.439780E+00	1.035738E+00
84190.0199	1.176201E+00	2.156258E+00
84190.5082	4.442391E-01	1.433837E+00
84190.9964	1.295238E-01	1.077330E+00
84191.4847	2.907212E-02	6.723105E-01
84191.9729	5.021694E-03	8.001017E-02
84192.4612	6.675299E-04	5.504896E-01
84192.9494	6.828773E-05	6.257371E-01
84193.4377	5.376094E-06	9.545824E-03
84193.9259	3.257189E-07	2.841609E-01
84194.4142	1.518697E-08	-6.250659E-01
84194.9024	5.449435E-10	-6.724026E-01
84195.3907	1.503975E-11	2.379108E-01
84195.8789	3.104981E-13	7.178727E-01
84196.3672	0.000000E+00	-9.308333E-01
84196.8554	0.000000E+00	4.020660E-01
84197.3437	0.000000E+00	1.532514E+00
84197.8319	0.000000E+00	3.483928E-01
84198.3202	0.000000E+00	6.094637E-01
84198.8084	0.000000E+00	4.476032E-01
84199.2967	0.000000E+00	3.760303E-01
84199.7850	0.000000E+00	9.195845E-01
84200.2732	0.000000E+00	-2.136823E-01
84200.7615	0.000000E+00	-1.017892E+00
84201.2497	0.000000E+00	-1.956872E-02
84201.7380	0.000000E+00	-8.723148E-01
84202.2262	0.000000E+00	1.406209E-01
84202.7145	0.000000E+00	-3.406931E-01
84203.2027	0.000000E+00	9.625210E-01
84203.6910	0.000000E+00	-1.161672E+00
84204.1792	0.000000E+00	-4.246932E-01
84204.6675	0.000000E+00	-5.740492E-01
84205.1557	0.000000E+00	-8.094837E-01
84205.6440	0.000000E+00	1.705984E-01
84206.1322	0.000000E+00	1.428937E+00
84206.6205	0.000000E+00	-5.722904E-01
84207.1087	0.000000E+00	-5.456750E-01
84207.5970	0.000000E+00	-4.357456E-02
84208.0852	0.000000E+00	1.899302E+00
84208.5735	0.000000E+00	5.885163E-01
84209.0617	0.000000E+00	-3.069215E-01
84209.5500	0.000000E+00	-4.571537E-01
84210.0382	1.940611E-14	-9.552243E-01
84210.5265	9.314933E-13	6.928419E-01
84211.0147	4.251879E-11	-1.789657E-01
84211.5030	1.501897E-09	-1.859889E+00
84211.9913	4.082783E-08	-6.326603E-01
84212.4795	8.542821E-07	-4.571596E-01
84212.9678	1.375871E-05	1.131280E+00
84213.4560	1.705632E-04	7.316241E-01
84213.9443	1.627507E-03	5.514543E-01
84214.4325	1.195311E-02	1.430981E-01
84214.9208	6.756379E-02	-6.547410E-01
84215.4090	2.938098E-01	2.207655E-01
84215.8973	9.821406E-01	8.293441E-01
84216.3855	2.520825E+00	2.724413E-01
84216.8738	4.966810E+00	4.763404E+00
84217.3620	7.529417E+00	7.169462E+00
84217.8503	8.819176E+00	1.030688E+01
84218.3385	8.006204E+00	8.185222E+00
84218.8268	5.648189E+00	5.203941E+00
84219.3150	3.189941E+00	2.977022E+00
84219.8033	1.797009E+00	2.130932E+00
84220.2915	1.836290E+00	1.444772E+00
84220.7798	3.077068E+00	2.030225E+00
84221.2680	4.830760E+00	5.673667E+00
84221.7563	6.054905E+00	6.576455E+00
84222.2445	5.925400E+00	6.795064E+00
84222.7328	4.505289E+00	4.826735E+00
84223.2210	2.649842E+00	2.883041E+00
84223.7093	1.201302E+00	5.252933E-01
84224.1976	4.191482E-01	-3.362909E-01
84224.6858	1.125574E-01	8.410942E-01
84225.1741	2.327171E-02	1.307561E+00
84225.6623	3.705129E-03	2.139191E+00
84226.1506	4.550641E-04	3.871643E-01
84226.6388	5.673690E-05	7.647018E-01
84227.1271	1.859354E-04	2.705484E-01
84227.6153	1.939144E-03	-1.055762E+00
84228.1036	1.660727E-02	7.813272E-01
84228.5918	1.148527E-01	4.431676E-01
84229.0801	6.380783E-01	-2.520106E-01
84229.5683	2.817804E+00	3.256474E+00
84230.0566	9.722284E+00	1.028421E+01
84230.5448	2.562114E+01	2.643330E+01
84231.0331	5.077924E+01	5.154690E+01
84231.5213	7.676553E+01	7.393130E+01
84232.0096	9.272423E+01	9.226939E+01
84232.4978	9.347667E+01	9.385155E+01
84232.9861	7.890195E+01	7.914358E+01
84233.4743	5.419881E+01	5.334079E+01
84233.9626	3.184960E+01	3.189077E+01
84234.4508	2.324004E+01	2.379815E+01
84234.9391	2.808512E+01	2.800473E+01
84235.4273	3.743257E+01	3.567205E+01
84235.9156	4.299186E+01	4.150588E+01
84236.4039	4.233240E+01	4.251838E+01
84236.8921	3.860773E+01	3.786206E+01
84237.3804	3.593842E+01	3.692007E+01
84237.8686	3.425552E+01	3.371314E+01
84238.3569	3.053488E+01	3.132468E+01
84238.8451	2.415200E+01	2.462312E+01
84239.3334	1.831910E+01	1.784989E+01
84239.8216	1.613015E+01	1.577238E+01
84240.3099	1.668407E+01	1.542614E+01
84240.7981	1.655435E+01	1.725146E+01
84241.2864	1.386194E+01	1.361703E+01
84241.7746	9.710804E+00	8.651191E+00
84242.2629	6.329331E+00	6.641974E+00
84242.7511	4.626137E+00	4.595158E+00
84243.2394	3.854903E+00	5.184419E+00
84243.7276	3.043194E+00	2.270226E+00
84244.2159	1.984707E+00	1.654331E+00
84244.7041	1.015884E+00	-4.333149E-01
84245.1924	4.019986E-01	8.797481E-02
84245.6806	1.228073E-01	4.767984E-02
84246.1689	3.118995E-02	-4.558613E-01
84246.6571	1.992748E-02	-1.137403E+00
84247.1454	6.871579E-02	-4.989165E-01
84247.6336	2.414583E-01	7.319056E-01
84248.1219	6.592448E-01	2.741166E+00
84248.6102	1.384892E+00	2.073088E+00
84249.0984	2.239036E+00	1.776019E+00
84249.5867	2.790184E+00	1.827570E+00
84250.0749	2.687593E+00	2.044690E+00
84250.5632	2.025601E+00	2.484305E+00
84251.0514	1.292084E+00	1.705890E+00
84251.5397	9.841964E-01	2.357247E+00
84252.0279	1.313122E+00	4.706336E-01
84252.5162	2.114324E+00	3.253127E+00
84253.0044	2.891013E+00	2.350209E+00
84253.4927	3.095046E+00	2.709047E+00
84253.9809	2.562100E+00	2.485360E+00
84254.4692	1.635239E+00	1.130440E+00
84254.9574	8.033222E-01	9.611543E-01
84255.4457	3.035367E-01	2.065429E+00
84255.9339	8.822781E-02	-1.440836E+00
84256.4222	1.973532E-02	-4.684179E-01
84256.9104	3.398172E-03	1.342523E+00
84257.3987	4.504608E-04	1.562555E+00
84257.8869	4.597191E-05	-3.700268E-01
84258.3752	3.612059E-06	-2.024867E-01
84258.8634	2.184964E-07	7.432999E-01
84259.3517	1.017807E-08	1.046813E+00
84259.8400	4.658034E-10	-6.685793E-01
84260.3282	3.206384E-09	6.114497E-01
84260.8165	7.791814E-08	-4.062313E-01
84261.3047	1.462473E-06	1.493338E+00
84261.7930	2.113493E-05	-5.268858E-01
84262.2812	2.351668E-04	-6.643171E-01
84262.7695	2.014707E-03	1.859478E+00
84263.2577	1.328920E-02	-4.949929E-01
84263.7460	6.748306E-02	6.667350E-01
84264.2342	2.637404E-01	-1.131528E+00
84264.7225	7.928777E-01	1.719122E+00
84265.2107	1.832557E+00	2.694255E+00
84265.6990	3.257462E+00	4.008013E+00
84266.1872	4.461002E+00	5.631794E+00
84266.6755	4.716789E+00	4.553005E+00
84267.1637	3.852512E+00	2.738259E+00
84267.6520	2.426646E+00	1.020370E+00
84268.1402	1.176251E+00	1.641912E+00
84268.6285	4.383383E-01	2.962074E-01
84269.1167	1.256176E-01	1.925243E-01
84269.6050	2.770043E-02	-2.155718E-01
84270.0932	4.702102E-03	1.784462E+00
84270.5815	6.145210E-04	-2.511202E+00
84271.0697	6.183575E-05	5.115101E-01
84271.5580	4.790761E-06	1.068916E+00
84272.0463	2.857801E-07	-2.194665E+00
84272.5345	1.312568E-08	-8.472893E-01
84273.0228	4.641730E-10	2.756486E-01
84273.5110	1.267214E-11	-8.485810E-01
84273.9993	1.824167E-12	1.341145E+00
84274.4875	7.510135E-11	3.946734E-01
84274.9758	2.793964E-09	-1.892066E-01
84275.4640	8.003843E-08	-9.450059E-01
84275.9523	1.765550E-06	2.962104E+00
84276.4405	2.998917E-05	-6.873543E-02
84276.9288	3.922394E-04	8.168245E-01
84277.4170	3.950362E-03	7.736872E-01
84277.9053	3.063351E-02	1.850412E+00
84278.3935	1.828536E-01	-1.383315E+00
84278.8818	8.392372E-01	8.384345E-01
84279.3700	2.953492E+00	3.064929E+00
84279.8583	7.935698E+00	9.072776E+00
84280.3465	1.624549E+01	1.611587E+01
84280.8348	2.550111E+01	2.543750E+01
84281.3230	3.115554E+01	3.215069E+01
84281.8113	2.998206E+01	3.073378E+01
84282.2995	2.266679E+01	2.210439E+01
84282.7878	1.326764E+01	1.054297E+01
84283.2760	5.935627E+00	6.485517E+00
84283.7643	2.023246E+00	1.801851E+00
84284.2526	5.272891E-01	3.911938E-01
84284.7408	1.054889E-01	1.558710E-01
84285.2291	1.623505E-02	-1.213824E+00
84285.7173	1.923600E-03	-9.715886E-01
84286.2056	1.760090E-04	3.138587E-01
84286.6938	2.289815E-05	-2.428947E-01
84287.1821	1.666971E-04	-1.241699E+00
84287.6703	2.008333E-03	8.633700E-01
84288.1586	1.870620E-02	1.208082E+00
84288.6468	1.341374E-01	-2.080975E+00
84289.1351	7.396656E-01	2.264185E+00
84289.6233	3.124752E+00	3.572036E+00
84290.1116	1.002908E+01	8.929321E+00
84290.5998	2.420461E+01	2.436599E+01
84291.0881	4.394113E+01	4.443608E+01
84291.5763	6.144182E+01	6.165623E+01
84292.0646	6.866073E+01	7.046357E+01
84292.5528	6.250942E+01	6.070232E+01
84293.0411	4.560414E+01	4.739203E+01
84293.5293	2.570075E+01	2.718395E+01
84294.0176	1.090590E+01	7.132158E+00
84294.5058	3.477794E+00	3.157285E+00
84294.9941	8.418386E-01	1.033101E+00
84295.4823	1.560380E-01	2.232723E-01
84295.9706	2.223698E-02	-4.529248E-01
84296.4589	2.439759E-03	-2.961300E+00
84296.9471	2.097501E-04	-5.273948E-02
84297.4354	6.390231E-05	1.018987E+00
84297.9236	5.370369E-04	-1.081629E+00
84298.4119	4.387591E-03	-1.706641E+00
84298.9001	2.763890E-02	3.424162E-01
84299.3884	1.340519E-01	-1.731563E-01
84299.8766	5.003339E-01	4.750537E-01
84300.3649	1.435799E+00	7.327718E-01
84300.8531	3.165774E+00	3.466060E+00
84301.3414	5.367911E+00	5.224889E+00
84301.8296	7.020494E+00	7.150321E+00
84302.3179	7.104162E+00	7.106716E+00
84302.8061	5.564887E+00	6.060209E+00
84303.2944	3.375497E+00	4.341192E+00
84303.7826	1.630616E+00	8.697010E-01
84304.2709	8.048223E-01	-2.051928E+00
84304.7591	8.664693E-01	5.261356E-02
84305.2474	1.846601E+00	2.832757E+00
84305.7356	4.720957E+00	4.201301E+00
84306.2239	1.321599E+01	1.314450E+01
84306.7121	3.453719E+01	3.678583E+01
84307.2004	7.126886E+01	7.091511E+01
84307.6886	1.099540E+02	1.099367E+02
84308.1769	1.342160E+02	1.347428E+02
84308.6652	1.415968E+02	1.421793E+02
84309.1534	1.340563E+02	1.339175E+02
84309.6417	1.094358E+02	1.083774E+02
84310.1299	7.001820E+01	7.063972E+01
84310.6182	3.243037E+01	3.168492E+01
84311.1064	1.083014E+01	1.039337E+01
84311.5947	2.943049E+00	8.461566E-01
84312.0829	1.208664E+00	1.447605E+00
84312.5712	1.275945E+00	1.737618E+00
84313.0594	1.548361E+00	2.897409E+00
84313.5477	1.515607E+00	2.351252E+00
84314.0359	1.149000E+00	1.030135E+00
84314.5242	6.761347E-01	-2.813441E-01
84315.0124	3.297637E-01	-5.605913E-01
84315.5007	2.106968E-01	5.733006E-01
84315.9889	3.340524E-01	-1.240497E-02
84316.4772	6.839609E-01	2.481419E+00
84316.9654	1.157301E+00	-6.394080E-02
84317.4537	1.519093E+00	2.567387E+00
84317.9419	1.538255E+00	7.429186E-01
84318.4302	1.201003E+00	1.145459E+00
84318.9184	7.225007E-01	2.150794E+00
84319.4067	3.346716E-01	1.082632E+00
84319.8949	1.193396E-01	-8.594958E-02
84320.3832	3.276351E-02	6.672194E-02
84320.8715	6.926618E-03	3.179297E-01
84321.3597	1.127788E-03	1.642170E-01
84321.8480	1.414259E-04	1.328990E+00
84322.3362	1.366764E-05	1.139871E+00
84322.8245	1.221872E-06	3.853540E-01
84323.3127	3.968571E-06	4.421061E-01
84323.8010	5.723652E-05	1.341533E+00
84324.2892	6.452819E-04	-1.758997E+00
84324.7775	5.604335E-03	-2.503796E-01
84325.2657	3.749709E-02	-9.467358E-02
84325.7540	1.932584E-01	9.745099E-01
84326.2422	7.669136E-01	-5.116386E-01
84326.7305	2.340971E+00	4.227042E+00
84327.2187	5.494070E+00	5.494301E+00
84327.7070	9.944065E+00	1.013246E+01
84328.1952	1.400961E+01	1.485781E+01
84328.6835	1.558279E+01	1.495796E+01
84329.1717	1.389097E+01	1.283983E+01
84329.6600	1.007076E+01	9.184899E+00
84330.1482	6.036461E+00	6.083212E+00
84330.6365	3.039269E+00	3.285391E+00
84331.1247	1.293260E+00	7.672531E-01
84331.6130	4.607856E-01	-4.525307E-01
84332.1012	1.347659E-01	-1.341032E+00
84332.5895	3.167918E-02	7.877714E-01
84333.0778	5.886970E-03	-7.225323E-02
84333.5660	8.553768E-04	1.580754E+00
84334.0543	9.653565E-05	7.792297E-01
84334.5425	8.430164E-06	-1.071522E+00
84335.0308	5.684479E-07	-1.045860E+00
84335.5190	2.956347E-08	-1.231860E+00
84336.0073	1.185122E-09	-3.063244E-01
84336.4955	3.659964E-11	-3.044581E+00
84336.9838	8.732681E-13	-5.095038E-01
84337.4720	1.940596E-14	6.042417E-01
84337.9603	0.000000E+00	-1.696369E-01
84338.4485	0.000000E+00	6.943923E-01
84338.9368	0.000000E+00	-4.203541E-02
84339.4250	0.000000E+00	-9.369113E-01
84339.9133	0.000000E+00	8.948215E-01
84340.4015	0.000000E+00	-2.072206E+00
84340.8898	0.000000E+00	-3.263893E-01
84341.3780	0.000000E+00	-1.109923E+00
84341.8663	0.000000E+00	2.131809E+00
84342.3545	0.000000E+00	3.865506E-01
84342.8428	0.000000E+00	-7.690254E-01
84343.3310	9.702975E-14	3.231251E-01
84343.8193	4.987329E-12	-5.048993E-01
84344.3075	2.120294E-10	-4.000985E-01
84344.7958	6.945855E-09	-9.189760E-01
84345.2841	1.752810E-07	-6.928629E-01
84345.7723	3.407488E-06	6.952509E-01
84346.2606	5.102979E-05	8.826109E-01
84346.7488	5.887116E-04	1.027589E+00
84347.2371	5.231985E-03	2.490262E+00
84347.7253	3.581691E-02	5.081183E-01
84348.2136	1.888199E-01	7.691330E-01
84348.7018	7.658947E-01	-1.202396E+00
84349.1901	2.386003E+00	1.834026E+00
84349.6783	5.697651E+00	3.404564E+00
84350.1666	1.043481E+01	8.767200E+00
84350.6548	1.473660E+01	1.449252E+01
84351.1431	1.617192E+01	1.798230E+01
84351.6313	1.383167E+01	1.363429E+01
84352.1196	9.176276E+00	1.007296E+01
84352.6078	4.686070E+00	5.119694E+00
84353.0961	1.835304E+00	3.130331E+00
84353.5843	5.574092E-01	2.010754E+00
84354.0726	1.595681E-01	-1.101565E-03
84354.5608	1.413985E-01	4.311282E-01
84355.0491	3.367890E-01	-7.035598E-01
84355.5373	7.216926E-01	-8.644008E-01
84356.0256	1.200996E+00	1.821554E+00
84356.5138	1.540939E+00	2.724268E+00
84357.0021	1.524723E+00	2.055249E+00
84357.4904	1.163503E+00	1.141789E+00
84357.9786	6.851281E-01	1.581452E-01
84358.4669	3.176418E-01	1.071342E+00
84358.9551	1.541232E-01	-3.771379E-02
84359.4434	2.377768E-01	-3.565229E-01
84359.9316	7.349908E-01	1.484151E+00
84360.4199	1.968552E+00	2.846048E+00
84360.9081	4.138497E+00	3.470727E+00
84361.3964	6.934955E+00	7.102238E+00
84361.8846	9.720218E+00	9.851060E+00
84362.3729	1.233469E+01	1.197603E+01
84362.8611	1.526004E+01	1.448779E+01
84363.3494	1.861477E+01	1.782716E+01
84363.8376	2.185819E+01	2.196941E+01
84364.3259	2.518014E+01	2.414497E+01
84364.8141	2.988061E+01	3.034079E+01
84365.3024	3.592052E+01	3.643656E+01
84365.7906	4.017883E+01	4.062387E+01
84366.2789	3.883312E+01	3.865156E+01
84366.7671	3.097607E+01	3.175102E+01
84367.2554	1.968953E+01	1.839129E+01
84367.7436	9.712775E+00	1.035697E+01
84368.2319	3.673012E+00	3.695890E+00
84368.7201	1.064254E+00	9.821951E-01
84369.2084	2.370515E-01	-2.272426E-01
84369.6967	4.068058E-02	8.921516E-01
84370.1849	5.382232E-03	-5.525670E-01
84370.6732	5.489624E-04	2.474754E-01
84371.1614	4.315614E-05	-3.178150E-01
84371.6497	2.614531E-06	4.918816E-01
84372.1379	1.220588E-07	-6.056754E-01
84372.6262	4.578049E-09	-4.204325E-01
84373.1144	5.504313E-09	-1.583267E+00
84373.6027	1.188448E-07	1.077677E-02
84374.0909	2.021673E-06	3.511630E-01
84374.5792	2.649819E-05	1.164031E+00
84375.0674	2.676004E-04	-2.595897E-01
84375.5557	2.082192E-03	8.498425E-01
84376.0439	1.248273E-02	2.175396E+00
84376.5322	5.765284E-02	1.005575E+00
84377.0204	2.051021E-01	-2.082435E-01
84377.5087	5.618549E-01	-2.314789E-01
84377.9969	1.184978E+00	1.027479E+00
84378.4852	1.924923E+00	2.234614E+00
84378.9734	2.411002E+00	1.586863E+00
84379.4617	2.330554E+00	3.287689E+00
84379.9499	1.738353E+00	1.729452E+00
84380.4382	9.998924E-01	2.019241E+00
84380.9264	4.465998E-01	8.825206E-01
84381.4147	1.776638E-01	1.085557E+00
84381.9030	1.740810E-01	-1.389661E+00
84382.3912	5.266531E-01	4.437286E-01
84382.8795	1.539331E+00	1.404270E+00
84383.3677	3.504875E+00	6.108266E+00
84383.8560	6.140837E+00	8.387062E+00
84384.3442	8.301412E+00	7.581468E+00
84384.8325	8.692365E+00	7.663563E+00
84385.3207	7.056349E+00	7.117792E+00
84385.8090	4.431481E+00	7.137480E+00
84386.2972	2.163793E+00	2.163137E+00
84386.7855	8.828099E-01	1.486251E-01
84387.2737	4.528301E-01	7.325223E-01
84387.7620	4.869663E-01	7.266438E-01
84388.2502	6.575577E-01	-6.863133E-01
84388.7385	7.436357E-01	9.953446E-01
84389.2267	6.548723E-01	-3.676440E-02
84389.7150	4.450357E-01	1.020484E+00
84390.2032	2.330685E-01	-1.328797E+00
84390.6915	9.403276E-02	1.422823E+00
84391.1797	2.922633E-02	-5.795210E-02
84391.6680	6.998546E-03	1.222301E+00
84392.1562	1.291258E-03	1.817072E-01
84392.6445	1.836447E-04	5.131877E-01
84393.1327	2.151763E-05	-4.331464E-01
84393.6210	2.217287E-05	4.219860E-01
84394.1093	2.293883E-04	2.510094E-02
84394.5975	1.978355E-03	-7.949512E-02
84395.0858	1.315373E-02	-9.864328E-01
84395.5740	6.738430E-02	-7.272245E-01
84396.0623	2.658925E-01	1.021019E+00
84396.5505	8.076865E-01	2.062229E+00
84397.0388	1.887657E+00	8.372379E-01
84397.5270	3.395359E+00	2.844239E+00
84398.0153	4.709463E+00	4.805643E+00
84398.5035	5.053079E+00	4.533303E+00
84398.9918	4.219295E+00	2.899951E+00
84399.4800	2.825422E+00	2.762300E+00
84399.9683	1.776327E+00	2.128864E+00
84400.4565	1.571102E+00	3.687996E+00
84400.9448	2.069789E+00	2.744406E+00
84401.4330	2.692463E+00	3.421955E+00
84401.9213	2.842134E+00	4.583343E+00
84402.4095	2.336064E+00	1.055714E+00
84402.8978	1.483159E+00	1.070321E+00
84403.3860	7.256091E-01	1.022336E+00
84403.8743	2.735387E-01	-1.232801E+00
84404.3625	8.139023E-02	1.121905E+00
84404.8508	3.320815E-02	9.110557E-01
84405.3390	9.339569E-02	9.054873E-01
84405.8273	4.201196E-01	-5.898315E-02
84406.3156	1.548765E+00	1.980869E+00
84406.8038	4.509404E+00	5.397691E+00
84407.2921	1.028059E+01	9.336145E+00
84407.7803	1.828222E+01	1.849230E+01
84408.2686	2.547569E+01	2.568580E+01
84408.7568	2.807134E+01	2.781038E+01
84409.2451	2.452667E+01	2.448727E+01
84409.7333	1.685050E+01	1.751856E+01
84410.2216	9.075886E+00	9.672913E+00
84410.7098	4.212885E+00	3.953353E+00
84411.1981	2.845315E+00	2.053646E+00
84411.6863	4.110887E+00	4.051610E+00
84412.1746	6.641356E+00	5.540184E+00
84412.6628	8.731885E+00	1.004714E+01
84413.1511	8.949298E+00	8.797713E+00
84413.6393	7.116586E+00	7.380912E+00
84414.1276	4.375859E+00	3.893970E+00
84414.6158	2.088689E+00	3.211583E+00
84415.1041	8.517713E-01	7.278272E-01
84415.5923	5.773614E-01	-1.465655E-02
84416.0806	1.077345E+00	2.879385E+00
84416.5688	2.237002E+00	2.534839E+00
84417.0571	3.708793E+00	3.050783E+00
84417.5453	4.760204E+00	6.698234E+00
84418.0336	4.738340E+00	4.257192E+00
84418.5219	3.713474E+00	3.031054E+00
84419.0101	2.497731E+00	4.072334E+00
84419.4984	2.012384E+00	3.135521E+00
84419.9866	2.677617E+00	2.951150E+00
84420.4749	4.223277E+00	4.151441E+00
84420.9631	5.939617E+00	6.712659E+00
84421.4514	7.346938E+00	1.032135E+01
84421.9396	8.800669E+00	6.779476E+00
84422.4279	1.114878E+01	9.662219E+00
84422.9161	1.441578E+01	1.437126E+01
84423.4044	1.702799E+01	1.532353E+01
84423.8926	1.693466E+01	1.626838E+01
84424.3809	1.360217E+01	1.414613E+01
84424.8691	8.657595E+00	7.906564E+00
84425.3574	4.574243E+00	5.920057E+00
84425.8456	3.189648E+00	3.593980E+00
84426.3339	5.909708E+00	6.221318E+00
84426.8221	1.432625E+01	1.370343E+01
84427.3104	2.850014E+01	2.914915E+01
84427.7986	4.431331E+01	4.548388E+01
84428.2869	5.497199E+01	5.449956E+01
84428.7751	5.568164E+01	5.507685E+01
84429.2634	4.613017E+01	4.504023E+01
84429.7516	3.059035E+01	3.112971E+01
84430.2399	1.580895E+01	1.633463E+01
84430.7282	6.280857E+00	5.495847E+00
84431.2164	1.924383E+00	2.266511E+00
84431.7047	4.889031E-01	8.731178E-01
84432.1929	2.625558E-01	-8.524130E-01
84432.6812	7.098918E-01	3.316292E-01
84433.1694	2.088577E+00	1.958581E+00
84433.6577	4.791673E+00	7.392574E+00
84434.1459	8.452911E+00	7.279803E+00
84434.6342	1.151213E+01	1.320803E+01
84435.1224	1.217149E+01	1.067919E+01
84435.6107	1.000367E+01	1.064518E+01
84436.0989	6.364312E+00	6.173813E+00
84436.5872	3.116603E+00	2.733287E+00
84437.0754	1.171771E+00	1.400647E+00
84437.5637	3.388093E-01	-1.215923E-01
84438.0519	8.536050E-02	-3.743288E-01
84438.5402	2.409896E-01	1.365349E+00
84439.0284	3.922642E+00	3.839986E+00
84439.5167	4.580821E+01	4.556501E+01
84440.0049	1.672149E+02	1.688002E+02
84440.4932	1.747922E+02	1.747161E+02
84440.9814	1.747922E+02	1.748506E+02
84441.4697	1.747922E+02	1.747796E+02
84441.9580	1.747922E+02	1.759850E+02
84442.4462	1.747922E+02	1.740249E+02
84442.9345	1.747922E+02	1.740593E+02
84443.4227	1.747922E+02	1.750565E+02
84443.9110	1.747922E+02	1.728140E+02
84444.3992	1.747922E+02	1.752510E+02
84444.8875	1.747922E+02	1.746841E+02
84445.3757	1.747922E+02	1.742292E+02
84445.8640	1.747921E+02	1.743799E+02
84446.3522	1.747921E+02	1.757835E+02
84446.8405	1.747921E+02	1.725279E+02
84447.3287	1.747921E+02	1.766292E+02
84447.8170	1.747921E+02	1.749552E+02
84448.3052	1.635579E+02	1.649416E+02
84448.7935	4.062629E+01	3.977030E+01
84449.2817	3.547149E+00	2.304439E+00
84449.7700	2.541925E-01	-3.658372E-01
84450.2582	2.247779E-02	-9.614308E-01
84450.7465	6.600233E-03	1.678390E+00
84451.2347	2.448098E-02	-1.047141E+00
84451.7230	1.100608E-01	1.067798E+00
84452.2112	3.855215E-01	1.539993E+00
84452.6995	1.040064E+00	8.780707E-01
84453.1877	2.160005E+00	4.282655E+00
84453.6760	3.456100E+00	2.820731E+00
84454.1643	4.268628E+00	4.518306E+00
84454.6525	4.075961E+00	4.076181E+00
84455.1408	3.007767E+00	4.748430E+00
84455.6290	1.711999E+00	2.808062E+00
84456.1173	7.504183E-01	1.450749E+00
84456.6055	2.532140E-01	2.405805E+00
84457.0938	6.580408E-02	-8.934786E-02
84457.5820	1.317702E-02	6.483312E-01
84458.0703	2.033776E-03	-3.884870E-01
84458.5585	2.426072E-04	1.001862E+00
84459.0468	3.375734E-05	7.623059E-03
84459.5350	1.594107E-04	-1.715822E+00
84460.0233	1.660268E-03	1.182623E+00
84460.5115	1.346075E-02	-5.531675E-01
84460.9998	8.412071E-02	2.572966E-01
84461.4880	4.049676E-01	-4.242962E-02
84461.9763	1.499589E+00	3.301275E+00
84462.4645	4.260427E+00	3.280103E+00
84462.9528	9.273395E+00	9.737499E+00
84463.4410	1.554894E+01	1.611543E+01
84463.9293	2.057066E+01	2.315561E+01
84464.4175	2.342634E+01	2.356191E+01
84464.9058	3.012323E+01	3.045176E+01
84465.3940	5.502979E+01	5.565369E+01
84465.8823	1.019890E+02	1.015857E+02
84466.3706	1.442922E+02	1.444699E+02
84466.8588	1.635684E+02	1.642761E+02
84467.3471	1.686915E+02	1.709954E+02
84467.8353	1.675918E+02	1.662346E+02
84468.3236	1.585427E+02	1.575082E+02
84468.8118	1.319249E+02	1.322878E+02
84469.3001	8.583844E+01	8.637929E+01
84469.7883	4.157755E+01	3.979927E+01
84470.2766	1.566852E+01	1.445840E+01
84470.7648	4.854007E+00	4.929516E+00
84471.2531	1.255512E+00	1.240386E+00
84471.7413	2.670829E-01	1.863153E+00
84472.2296	4.568711E-02	-1.582862E+00
84472.7178	6.173036E-03	-1.605356E+00
84473.2061	6.514502E-04	4.129853E-01
84473.6943	5.341498E-05	2.589054E-01
84474.1826	4.730654E-06	-3.005740E-01
84474.6708	2.505429E-05	-1.658558E+00
84475.1591	3.552839E-04	-9.033473E-01
84475.6473	3.925450E-03	-1.542167E+00
84476.1356	3.356260E-02	8.237934E-01
84476.6238	2.219293E-01	-4.946164E-01
84477.1121	1.132875E+00	1.333140E+00
84477.6003	4.441826E+00	4.567966E+00
84478.0886	1.324625E+01	1.481074E+01
84478.5769	2.975664E+01	3.069197E+01
84479.0651	5.061537E+01	5.046118E+01
84479.5534	6.716366E+01	6.734780E+01
84480.0416	7.224003E+01	7.409607E+01
84480.5299	6.402801E+01	6.302860E+01
84481.0181	4.627975E+01	4.607396E+01
84481.5064	2.815205E+01	2.684085E+01
84481.9946	1.982552E+01	2.100035E+01
84482.4829	2.576303E+01	2.686634E+01
84482.9711	4.192956E+01	4.182374E+01
84483.4594	5.826130E+01	5.872736E+01
84483.9476	6.550509E+01	6.496423E+01
84484.4359	5.999133E+01	6.209283E+01
84484.9241	4.403613E+01	4.339771E+01
84485.4124	2.502842E+01	2.451568E+01
84485.9006	1.075647E+01	1.052528E+01
84486.3889	3.547163E+00	5.404809E+00
84486.8771	1.140615E+00	4.676571E-01
84487.3654	1.043724E+00	7.478709E-01
84487.8536	2.223135E+00	2.773938E+00
84488.3419	4.488174E+00	4.588213E+00
84488.8301	7.514711E+00	6.718071E+00
84489.3184	1.034187E+01	9.167909E+00
84489.8066	1.170235E+01	1.172694E+01
84490.2949	1.099216E+01	1.026278E+01
84490.7832	8.845561E+00	9.795032E+00
84491.2714	6.493779E+00	6.589731E+00
84491.7597	4.621504E+00	4.825376E+00
84492.2479	3.154007E+00	1.560285E+00
84492.7362	1.912476E+00	-5.974007E-01
84493.2244	9.583419E-01	1.315670E+00
84493.7127	3.811099E-01	8.034262E-01
84494.2009	1.190911E-01	3.716644E-03
84494.6892	3.773052E-02	1.058708E+00
84495.1774	7.280093E-02	1.298763E+00
84495.6657	3.747380E-01	1.969517E+00
84496.1539	1.592332E+00	6.343076E-01
84496.6422	5.190695E+00	4.194426E+00
84497.1304	1.288477E+01	1.245177E+01
84497.6187	2.434267E+01	2.374633E+01
84498.1069	3.542342E+01	3.406872E+01
84498.5952	4.051684E+01	3.950257E+01
84499.0834	3.684925E+01	3.557856E+01
84499.5717	2.642364E+01	2.466278E+01
84500.0599	1.464180E+01	1.495125E+01
84500.5482	6.181582E+00	5.856778E+00
84501.0364	1.985834E+00	2.860081E+00
84501.5247	4.880085E-01	1.769853E+00
84502.0129	9.217600E-02	1.279378E-01
84502.5012	1.341217E-02	-2.900399E-01
84502.9895	1.504468E-03	2.394397E-02
84503.4777	1.301185E-04	-1.493577E+00
84503.9660	8.677188E-06	-1.442887E+00
84504.4542	4.461741E-07	-1.946780E-01
84504.9425	1.768949E-08	3.515518E-01
84505.4307	5.408772E-10	-4.012828E-01
84505.9190	1.769805E-11	2.048122E+00
84506.4072	1.888956E-10	5.796926E-01
84506.8955	5.546048E-09	5.065397E-01
84507.3837	1.257224E-07	-8.664931E-01
84507.8720	2.197689E-06	-1.865818E-01
84508.3602	2.962397E-05	-1.346611E+00
84508.8485	3.079243E-04	-9.985035E-01
84509.3367	2.468120E-03	6.989129E-01
84509.8250	1.525454E-02	5.136726E-01
84510.3132	7.269429E-02	3.023708E+00
84510.8015	2.670270E-01	3.375385E-01
84511.2897	7.557302E-01	1.266743E+00
84511.7780	1.647391E+00	1.469722E+00
84512.2662	2.767315E+00	3.077160E+00
84512.7545	3.587697E+00	4.251802E+00
84513.2427	3.595220E+00	5.261605E+00
84513.7310	2.785113E+00	2.905781E+00
84514.2192	1.668344E+00	1.556108E+00
84514.7075	7.928933E-01	1.096899E-01
84515.1958	4.169967E-01	1.030156E-01
84515.6840	6.968811E-01	1.957974E+00
84516.1723	2.075206E+00	1.658660E+00
84516.6605	5.251873E+00	5.678895E+00
84517.1488	1.036389E+01	1.095250E+01
84517.6370	1.614568E+01	1.661596E+01
84518.1253	2.070025E+01	2.074900E+01
84518.6135	2.359995E+01	2.289359E+01
84519.1018	2.664926E+01	2.663650E+01
84519.5900	3.192024E+01	3.180380E+01
84520.0783	3.912761E+01	3.679667E+01
84520.5665	4.523092E+01	4.519459E+01
84521.0548	4.637250E+01	4.628464E+01
84521.5430	4.044529E+01	4.142860E+01
84522.0313	2.888128E+01	2.792250E+01
84522.5195	1.628792E+01	1.718654E+01
84523.0078	7.098756E+00	6.075083E+00
84523.4960	2.448396E+00	2.247873E+00
84523.9843	9.516688E-01	2.703403E+00
84524.4725	1.134936E+00	7.980076E-01
84524.9608	2.285346E+00	1.568235E+00
84525.4490	3.895362E+00	4.555520E+00
84525.9373	5.160291E+00	5.711626E+00
84526.4255	5.291777E+00	5.908227E+00
84526.9138	4.200397E+00	4.295726E+00
84527.4021	2.577579E+00	2.189221E+00
84527.8903	1.232732E+00	3.163254E+00
84528.3786	5.151572E-01	2.335649E+00
84528.8668	3.711413E-01	1.012923E+00
84529.3551	6.726899E-01	1.212622E+00
84529.8433	1.304363E+00	2.279510E+00
84530.3316	2.017427E+00	2.834662E+00
84530.8198	2.415498E+00	2.154271E+00
84531.3081	2.234689E+00	2.291300E+00
84531.7963	1.596543E+00	1.096464E+00
84532.2846	8.798567E-01	-1.646085E-01
84532.7728	3.737240E-01	2.454061E+00
84533.2611	1.223456E-01	9.716903E-01
84533.7493	3.104058E-02	1.035893E+00
84534.2376	7.839072E-03	1.063325E+00
84534.7258	1.647157E-02	-6.166270E-01
84535.2141	1.057399E-01	7.123349E-01
84535.7023	5.699829E-01	1.561580E+00
84536.1906	2.426566E+00	1.273964E+00
84536.6788	8.049872E+00	7.104175E+00
84537.1671	2.048728E+01	1.927421E+01
84537.6553	3.966225E+01	3.878245E+01
84538.1436	5.920455E+01	5.776968E+01
84538.6318	7.060134E+01	7.117425E+01
84539.1201	6.998123E+01	7.041071E+01
84539.6084	6.218622E+01	6.261507E+01
84540.0966	6.547804E+01	6.620707E+01
84540.5849	9.859546E+01	9.905085E+01
84541.0731	1.417489E+02	1.410466E+02
84541.5614	1.642452E+02	1.645907E+02
84542.0496	1.704804E+02	1.711735E+02
84542.5379	1.707771E+02	1.720890E+02
84543.0261	1.658031E+02	1.650646E+02
84543.5144	1.458997E+02	1.478413E+02
84544.0026	9.948894E+01	1.008920E+02
84544.4909	4.579742E+01	4.556672E+01
84544.9791	1.417075E+01	1.366466E+01
84545.4674	3.143156E+00	3.242440E+00
84545.9556	5.242374E-01	1.424606E+00
84546.4439	6.701602E-02	3.945812E-01
84546.9321	6.599906E-03	4.154848E-01
84547.4204	5.012236E-04	2.127417E+00
84547.9086	2.935759E-05	9.542175E-01
84548.3969	1.326206E-06	1.161968E+00
84548.8851	4.620655E-08	-1.570657E+00
84549.3734	1.241654E-09	4.102222E-01
84549.8616	2.573196E-11	-1.040839E+00
84550.3499	4.075197E-13	-1.585831E+00
84550.8381	1.940570E-14	-9.841892E-01
84551.3264	4.657368E-13	-5.101005E-01
84551.8147	2.008490E-11	9.209253E-01
84552.3029	6.706027E-10	1.697290E-01
84552.7912	1.726381E-08	1.063352E-01
84553.2794	3.428133E-07	1.169178E+00
84553.7677	5.250786E-06	1.321197E-01
84554.2559	6.203498E-05	7.865695E-01
84554.7442	5.653197E-04	-5.296275E-01
84555.2324	3.973687E-03	-3.123824E-01
84555.7207	2.154375E-02	-5.327511E-01
84556.2089	9.008062E-02	-1.569639E-01
84556.6972	2.904177E-01	8.383588E-01
84557.1854	7.217264E-01	-3.395803E-01
84557.6737	1.382547E+00	9.291527E-02
84558.1619	2.042823E+00	7.461833E-01
84558.6502	2.330735E+00	3.367842E+00
84559.1384	2.054514E+00	2.779501E+00
84559.6267	1.398447E+00	2.078064E+00
84560.1149	7.342367E-01	-1.138182E+00
84560.6032	2.971576E-01	5.997004E-01
84561.0914	9.270288E-02	-5.728307E-01
84561.5797	2.229865E-02	3.222810E-01
84562.0679	4.136611E-03	-1.688117E+00
84562.5562	5.918863E-04	5.448311E-01
84563.0444	6.532416E-05	-5.468897E-01
84563.5327	5.561021E-06	5.550843E-01
84564.0210	3.651580E-07	2.173242E+00
84564.5092	1.849494E-08	1.470092E+00
84564.9975	7.225512E-10	6.028149E-02
84565.4857	2.177318E-11	4.780296E-01
84565.9740	6.986045E-13	2.796017E-01
84566.4622	9.722246E-12	1.098121E+00
84566.9505	3.745879E-10	-6.801243E-02
84567.4387	1.115386E-08	1.299588E-01
84567.9270	2.562935E-07	-2.511663E-01
84568.4152	4.546009E-06	-1.107973E+00
84568.9035	6.228826E-05	7.301774E-01
84569.3917	6.601988E-04	4.337865E-01
84569.8800	5.428111E-03	-2.295177E-01
84570.3682	3.480859E-02	8.195973E-02
84570.8565	1.758631E-01	3.591424E-01
84571.3447	7.122549E-01	1.440715E+00
84571.8330	2.372145E+00	1.745531E+00
84572.3212	6.679518E+00	7.578794E+00
84572.8095	1.612292E+01	1.591991E+01
84573.2977	3.291790E+01	3.343179E+01
84573.7860	5.532802E+01	5.446692E+01
84574.2742	7.589942E+01	7.655324E+01
84574.7625	8.664571E+01	8.435412E+01
84575.2507	8.414209E+01	8.532012E+01
84575.7390	6.970464E+01	6.929957E+01
84576.2273	4.928423E+01	4.971494E+01
84576.7155	3.081123E+01	2.897459E+01
84577.2038	1.828469E+01	1.806385E+01
84577.6920	1.133556E+01	1.087293E+01
84578.1803	8.630939E+00	8.262080E+00
84578.6685	8.561135E+00	8.471819E+00
84579.1568	8.927891E+00	8.403639E+00
84579.6450	8.038153E+00	8.881049E+00
84580.1333	5.786228E+00	7.273013E+00
84580.6215	3.248734E+00	2.955105E+00
84581.1098	1.410744E+00	2.291920E+00
84581.5980	4.728422E-01	1.873057E-01
84582.0863	1.223785E-01	-8.193037E-01
84582.5745	2.447513E-02	-8.136749E-01
84583.0628	3.783656E-03	-1.209721E+00
84583.5510	4.521316E-04	3.005246E+00
84584.0393	4.175723E-05	8.140531E-01
84584.5275	2.980213E-06	3.338096E-01
84585.0158	1.643417E-07	7.640599E-01
84585.5040	7.001193E-09	-3.120026E+00
84585.9923	2.303840E-10	2.897541E-01
84586.4805	5.860508E-12	4.374399E-01
84586.9688	1.164339E-13	-2.219312E-01
84587.4570	4.269244E-13	-6.633062E-01
84587.9453	2.258818E-11	1.146775E+00
84588.4336	9.154812E-10	1.865648E+00
84588.9218	2.865258E-08	2.961035E+00
84589.4101	6.923290E-07	-4.009499E-01
84589.8983	1.291701E-05	1.326165E-01
84590.3866	1.861426E-04	-4.953017E-01
84590.8748	2.073043E-03	-1.722257E+00
84591.3631	1.785967E-02	-4.886556E-01
84591.8513	1.192125E-01	5.968357E-01
84592.3396	6.178733E-01	7.794374E-01
84592.8278	2.492542E+00	3.511887E+00
84593.3161	7.844218E+00	8.529185E+00
84593.8043	1.934147E+01	1.971171E+01
84594.2926	3.783633E+01	3.751664E+01
84594.7808	6.030454E+01	5.984156E+01
84595.2691	8.128852E+01	8.074581E+01
84595.7573	9.608481E+01	9.419318E+01
84596.2456	1.019647E+02	1.005694E+02
84596.7338	9.745631E+01	9.773867E+01
84597.2221	8.202918E+01	8.251667E+01
84597.7103	5.809156E+01	5.836416E+01
84598.1986	3.290309E+01	3.180692E+01
84598.6868	1.443412E+01	1.292252E+01
84599.1751	4.869936E+00	6.461310E+00
84599.6633	1.274545E+00	2.830374E+00
84600.1516	2.924675E-01	2.374681E+00
84600.6399	2.569015E-01	6.851727E-01
84601.1281	1.033185E+00	1.917055E+00
84601.6164	3.749895E+00	3.189608E+00
84602.1046	1.042409E+01	1.064699E+01
84602.5929	2.200170E+01	2.291912E+01
84603.0811	3.550982E+01	3.598605E+01
84603.5694	4.475454E+01	4.500245E+01
84604.0576	4.494256E+01	4.609200E+01
84604.5459	3.597563E+01	3.516650E+01
84605.0341	2.250991E+01	2.404333E+01
84605.5224	1.078504E+01	1.244250E+01
84606.0106	3.972305E+00	4.238454E+00
84606.4989	1.321149E+00	2.495319E+00
84606.9871	9.878063E-01	2.483690E-01
84607.4754	1.916805E+00	2.919816E+00
84607.9636	3.674562E+00	3.943564E+00
84608.4519	5.820723E+00	5.639563E+00
84608.9401	7.931886E+00	8.680088E+00
84609.4284	9.964370E+00	1.100098E+01
84609.9166	1.195780E+01	1.166895E+01
84610.4049	1.336517E+01	1.264706E+01
84610.8931	1.344733E+01	1.177026E+01
84611.3814	1.241107E+01	1.200855E+01
84611.8696	1.127060E+01	1.084959E+01
84612.3579	1.038474E+01	1.065020E+01
84612.8462	9.043675E+00	9.062322E+00
84613.3344	6.748330E+00	4.922738E+00
84613.8227	4.054475E+00	2.866347E+00
84614.3109	1.905397E+00	2.629397E+00
84614.7992	6.927797E-01	1.719311E+00
84615.2874	1.943240E-01	8.433049E-01
84615.7757	4.204407E-02	1.241081E+00
84616.2639	7.018223E-03	1.241029E+00
84616.7522	9.039369E-04	2.778461E-01
84617.2404	8.983472E-05	9.328336E-01
84617.7287	6.888794E-06	6.787906E-02
84618.2169	4.075990E-07	-1.131917E+00
84618.7052	1.860857E-08	1.752452E-01
84619.1934	6.555218E-10	1.581660E+00
84619.6817	1.791138E-11	-7.746353E-01
84620.1699	4.269236E-12	-8.296630E-01
84620.6582	1.374694E-10	8.320520E-01
84621.1464	3.749339E-09	-6.934130E-01
84621.6347	7.890888E-08	-1.761242E-01
84622.1229	1.281517E-06	1.397239E+00
84622.6112	1.606019E-05	4.132833E-01
84623.0994	1.553120E-04	-3.977190E-01
84623.5877	1.159008E-03	-8.739787E-01
84624.0759	6.674064E-03	1.056245E+00
84624.5642	2.965519E-02	8.297421E-01
84625.0525	1.016665E-01	1.396426E-01
84625.5407	2.688841E-01	-5.237417E-01
84626.0290	5.485802E-01	1.522529E+00
84626.5172	8.635721E-01	2.219455E-01
84627.0055	1.049412E+00	-1.820847E-01
84627.4937	9.847682E-01	2.743349E+00
84627.9820	7.135227E-01	1.028549E-01
84628.4702	3.989910E-01	3.944288E-01
84628.9585	1.721222E-01	-6.317491E-01
84629.4467	5.727952E-02	-1.112937E+00
84629.9350	1.470618E-02	8.576729E-01
84630.4232	2.913336E-03	-8.606163E-02
84630.9115	4.453460E-04	-5.634578E-01
84631.3997	5.253274E-05	-1.244323E+00
84631.8880	4.781787E-06	6.273534E-01
84632.3762	3.358773E-07	3.441865E-01
84632.8645	1.827107E-08	1.125689E+00
84633.3527	2.709449E-09	-3.018302E-02
84633.8410	4.446007E-08	-6.550728E-01
84634.3292	7.822271E-07	1.600244E+00
84634.8175	1.062664E-05	-1.215407E-01
84635.3057	1.114090E-04	7.900553E-01
84635.7940	9.013738E-04	-4.561161E-01
84636.2823	5.627894E-03	-4.791731E-01
84636.7705	2.711621E-02	-7.380529E-01
84637.2588	1.008132E-01	-4.853669E-01
84637.7470	2.891793E-01	9.405375E-01
84638.2353	6.401488E-01	1.867844E+00
84638.7235	1.095718E+00	9.282061E-01
84639.2118	1.463090E+00	1.275472E+00
84639.7000	1.582768E+00	2.394890E+00
84640.1883	1.594308E+00	1.373422E+00
84640.6765	1.975251E+00	2.061121E+00
84641.1648	3.157262E+00	2.903730E+00
84641.6530	4.949019E+00	5.561962E+00
84642.1413	6.400517E+00	7.161757E+00
84642.6295	6.508920E+00	6.896764E+00
84643.1178	5.146641E+00	4.418495E+00
84643.6060	3.148809E+00	2.561253E+00
84644.0943	1.488901E+00	1.672100E+00
84644.5825	5.640809E-01	2.445063E+00
84645.0708	2.708775E-01	1.319953E+00
84645.5590	4.818956E-01	1.888511E+00
84646.0473	1.302349E+00	2.866986E+00
84646.5355	2.883269E+00	7.175165E-01
84647.0238	4.937571E+00	2.904653E+00
84647.5120	6.535471E+00	8.305262E+00
84648.0003	6.704297E+00	6.667286E+00
84648.4886	5.331937E+00	5.903426E+00
84648.9768	3.279053E+00	3.403450E+00
84649.4651	1.554741E+00	2.133284E+00
84649.9533	5.676967E-01	-5.684845E-01
84650.4416	1.597160E-01	2.072763E-02
84650.9298	3.471709E-02	4.650050E-01
84651.4181	6.426583E-03	6.648326E-01
84651.9063	5.148814E-03	-6.815363E-01
84652.3946	2.390022E-02	1.775751E-01
84652.8828	9.960058E-02	-7.235383E-01
84653.3711	3.214589E-01	8.842302E-01
84653.8593	8.019999E-01	2.005642E+00
84654.3476	1.552220E+00	-1.369203E+00
84654.8358	2.353855E+00	3.027694E+00
84655.3241	2.863599E+00	2.798930E+00
84655.8123	2.934939E+00	3.999323E+00
84656.3006	2.739495E+00	5.347831E+00
84656.7888	2.496265E+00	2.291382E+00
84657.2771	2.244709E+00	1.783199E+00
84657.7653	1.988797E+00	3.018607E+00
84658.2536	1.848908E+00	2.175306E+00
84658.7418	1.885699E+00	1.221453E+00
84659.2301	1.917270E+00	1.091417E+00
84659.7183	1.697493E+00	3.838929E+00
84660.2066	1.212916E+00	2.744398E+00
84660.6949	6.814683E-01	3.457680E-01
84661.1831	3.179765E-01	2.118166E+00
84661.6714	2.377281E-01	-5.130711E-01
84662.1596	6.570448E-01	4.682051E-01
84662.6479	2.272588E+00	3.618305E+00
84663.1361	6.651095E+00	6.058746E+00
84663.6244	1.678123E+01	1.872592E+01
84664.1126	3.803123E+01	3.759416E+01
84664.6009	7.530249E+01	7.580891E+01
84665.0891	1.198957E+02	1.206173E+02
84665.5774	1.509441E+02	1.502804E+02
84666.0656	1.635612E+02	1.627743E+02
84666.5539	1.658169E+02	1.654242E+02
84667.0421	1.606147E+02	1.621143E+02
84667.5304	1.433121E+02	1.436879E+02
84668.0186	1.179111E+02	1.174230E+02
84668.5069	1.152059E+02	1.152912E+02
84668.9951	1.370083E+02	1.363168E+02
84669.4834	1.538330E+02	1.540369E+02
84669.9716	1.589087E+02	1.602889E+02
84670.4599	1.557940E+02	1.550131E+02
84670.9481	1.490632E+02	1.485741E+02
84671.4364	1.511052E+02	1.512428E+02
84671.9246	1.623747E+02	1.632607E+02
84672.4129	1.696971E+02	1.676831E+02
84672.9012	1.724379E+02	1.729946E+02
84673.3894	1.737739E+02	1.733159E+02
84673.8777	1.745604E+02	1.734374E+02
84674.3659	1.747640E+02	1.738513E+02
84674.8542	1.747863E+02	1.760245E+02
84675.3424	1.747886E+02	1.739646E+02
84675.8307	1.747892E+02	1.726070E+02
84676.3189	1.747895E+02	1.752667E+02
84676.8072	1.747896E+02	1.745217E+02
84677.2954	1.747896E+02	1.743427E+02
84677.7837	1.747896E+02	1.756470E+02
84678.2719	1.747889E+02	1.746999E+02
84678.7602	1.747076E+02	1.750497E+02
84679.2484	1.707660E+02	1.699507E+02
84679.7367	1.341501E+02	1.336557E+02
84680.2249	6.249016E+01	6.234048E+01
84680.7132	1.809840E+01	1.746017E+01
84681.2014	5.916763E+00	6.584819E+00
84681.6897	6.239760E+00	6.663527E+00
84682.1779	9.680653E+00	1.123326E+01
84682.6662	1.242303E+01	1.156975E+01
84683.1544	1.246404E+01	1.289816E+01
84683.6427	9.737105E+00	1.051917E+01
84684.1309	5.890767E+00	5.618003E+00
84684.6192	2.744842E+00	2.631856E+00
84685.1075	9.832340E-01	-2.762718E-01
84685.5957	2.710548E-01	9.815328E-01
84686.0840	5.764053E-02	6.408545E-01
84686.5722	9.881862E-03	-2.410400E-01
84687.0605	4.620185E-03	1.286886E+00
84687.5487	2.076326E-02	-1.353083E+00
84688.0370	9.606673E-02	4.884727E-01
84688.5252	3.448273E-01	8.163195E-01
84689.0135	9.545875E-01	1.742847E+00
84689.5017	2.037199E+00	3.463937E+00
84689.9900	3.353869E+00	2.915508E+00
84690.4782	4.267346E+00	3.632599E+00
84690.9665	4.203462E+00	2.962894E+00
84691.4547	3.205361E+00	4.465582E+00
84691.9430	1.891015E+00	4.084993E+00
84692.4312	8.753813E-01	1.289381E+00
84692.9195	3.827127E-01	5.217659E-01
84693.4077	3.803240E-01	3.366329E-01
84693.8960	8.562532E-01	2.395347E+00
84694.3842	1.818033E+00	1.636905E+00
84694.8725	3.028972E+00	2.309139E+00
84695.3607	3.904540E+00	4.686258E+00
84695.8490	3.895944E+00	5.750693E+00
84696.3372	3.008697E+00	1.380840E+00
84696.8255	1.795389E+00	2.315349E+00
84697.3138	8.264851E-01	5.936487E-01
84697.8020	2.933421E-01	1.444437E+00
84698.2903	8.030169E-02	-7.195556E-01
84698.7785	1.696285E-02	7.067308E-01
84699.2668	2.765806E-03	2.507073E+00
84699.7550	3.481291E-04	-3.981711E-01
84700.2433	3.383039E-05	-5.539128E-01
84700.7315	2.618112E-06	-6.562591E-01
84701.2198	1.721540E-06	1.386549E+00
84701.7080	2.374932E-05	-9.363898E-01
84702.1963	2.765083E-04	-3.204032E-02
84702.6845	2.488024E-03	-3.073094E-02
84703.1728	1.730825E-02	9.548267E-01
84703.6610	9.319592E-02	-6.935734E-01
84704.1493	3.891475E-01	-1.105482E-01
84704.6375	1.264238E+00	3.154012E+00
84705.1258	3.215247E+00	1.937076E+00
84705.6140	6.478001E+00	6.299804E+00
84706.1023	1.055202E+01	1.144453E+01
84706.5905	1.427654E+01	1.487163E+01
84707.0788	1.644169E+01	1.517202E+01
84707.5670	1.627284E+01	1.678305E+01
84708.0553	1.369093E+01	1.320605E+01
84708.5435	9.547850E+00	7.748695E+00
84709.0318	5.368667E+00	5.419348E+00
84709.5201	2.383400E+00	2.369137E+00
84710.0083	8.259757E-01	3.485887E+00
84710.4966	2.253906E-01	1.321627E-02
84710.9848	6.768595E-02	-1.439401E+00
84711.4731	1.109480E-01	-3.672894E-01
84711.9613	3.858925E-01	-1.211665E-02
84712.4496	1.104132E+00	2.161953E+00
84712.9378	2.440231E+00	2.470593E+00
84713.4261	4.159460E+00	4.444570E+00
84713.9143	5.480169E+00	5.664297E+00
84714.4026	5.594280E+00	6.667065E+00
84714.8908	4.425749E+00	5.690609E+00
84715.3791	2.707528E+00	2.198420E+00
84715.8673	1.277734E+00	2.537196E+00
84716.3556	4.647181E-01	-5.983247E-01
84716.8438	1.303468E-01	1.485250E+00
84717.3321	2.860162E-02	2.201933E-01
84717.8203	8.798802E-03	-2.856414E-01
84718.3086	3.238722E-02	-1.756871E-01
84718.7968	1.907060E-01	7.293945E-01
84719.2851	8.822239E-01	9.366087E-01
84719.7733	3.141845E+00	3.254674E+00
84720.2616	8.580401E+00	9.880868E+00
84720.7498	1.796396E+01	1.909527E+01
84721.2381	2.915093E+01	3.097591E+01
84721.7264	3.762772E+01	3.875992E+01
84722.2146	3.996498E+01	3.988352E+01
84722.7029	3.608962E+01	3.550434E+01
84723.1911	2.846833E+01	2.956121E+01
84723.6794	1.985943E+01	2.029519E+01
84724.1676	1.207584E+01	1.098546E+01
84724.6559	6.176942E+00	6.426699E+00
84725.1441	2.563382E+00	1.726287E+00
84725.6324	8.424037E-01	6.548335E-01
84726.1206	2.166091E-01	-5.995242E-01
84726.6089	4.487013E-02	-8.281007E-01
84727.0971	2.005848E-02	-3.460439E-01
84727.5854	8.457961E-02	7.720753E-01
84728.0736	4.056357E-01	-1.045963E-01
84728.5619	1.516027E+00	2.285406E+00
84729.0501	4.370426E+00	5.473886E+00
84729.5384	9.716777E+00	9.846200E+00
84730.0266	1.675781E+01	1.568394E+01
84730.5149	2.274117E+01	2.211458E+01
84731.0031	2.473761E+01	2.358410E+01
84731.4914	2.188599E+01	2.258275E+01
84731.9796	1.585825E+01	1.562248E+01
84732.4679	9.429601E+00	8.938117E+00
84732.9561	4.599590E+00	4.125086E+00
84733.4444	1.835661E+00	2.150868E+00
84733.9327	6.076702E-01	6.022894E-01
84734.4209	2.374575E-01	1.132510E+00
84734.9092	3.966954E-01	1.312440E+00
84735.3974	1.233231E+00	1.029446E+00
84735.8857	3.181022E+00	3.464002E+00
84736.3739	6.336941E+00	6.621658E+00
84736.8622	9.741080E+00	8.359623E+00
84737.3504	1.161461E+01	1.154919E+01
84737.8387	1.078129E+01	1.354899E+01
84738.3269	7.778001E+00	8.493778E+00
84738.8152	4.337945E+00	5.057713E+00
84739.3034	1.862787E+00	1.141613E+00
84739.7917	6.162946E-01	1.566278E+00
84740.2799	1.628361E-01	1.147119E+00
84740.7682	6.425847E-02	1.494252E+00
84741.2564	1.471427E-01	1.665208E+00
84741.7447	4.774664E-01	2.107838E+00
84742.2329	1.255361E+00	3.702285E-01
84742.7212	2.594593E+00	2.320151E+00
84743.2094	4.207713E+00	4.003141E+00
84743.6977	5.355030E+00	6.561749E+00
84744.1859	5.347900E+00	5.446600E+00
84744.6742	4.182229E+00	4.846928E+00
84745.1624	2.550951E+00	2.664006E+00
84745.6507	1.208852E+00	2.234899E+00
84746.1390	4.440653E-01	-9.148540E-01
84746.6272	1.264161E-01	9.128232E-01
84747.1155	2.863927E-02	1.109710E+00
84747.6037	1.189066E-02	-1.987023E-01
84748.0920	4.966001E-02	1.682509E+00
84748.5802	2.598403E-01	1.141296E+00
84749.0685	1.061029E+00	1.602034E+00
84749.5567	3.332386E+00	4.068178E+00
84750.0450	8.024237E+00	6.969290E+00
84750.5332	1.482071E+01	1.384515E+01
84751.0215	2.115498E+01	2.089282E+01
84751.5097	2.360099E+01	2.275645E+01
84751.9980	2.068810E+01	1.991293E+01
84752.4862	1.417505E+01	1.565966E+01
84752.9745	7.563687E+00	6.947026E+00
84753.4627	3.309793E+00	2.792624E+00
84753.9510	1.647088E+00	2.777350E+00
84754.4392	1.588977E+00	1.249735E+00
84754.9275	2.072097E+00	1.456624E+00
84755.4157	2.346111E+00	2.032426E-01
84755.9040	2.115269E+00	4.557840E+00
84756.3922	1.602887E+00	4.275253E-01
84756.8805	1.354881E+00	3.213924E+00
84757.3687	1.863935E+00	7.325425E-01
84757.8570	3.205770E+00	3.462071E+00
84758.3453	4.818024E+00	5.074318E+00
84758.8335	5.726667E+00	4.835736E+00
84759.3218	5.295810E+00	4.320831E+00
84759.8100	3.796070E+00	3.607251E+00
84760.2983	2.102717E+00	1.655970E+00
84760.7865	8.982239E-01	5.486565E-01
84761.2748	2.958085E-01	-1.224385E+00
84761.7630	7.515166E-02	-1.021077E+00
84762.2513	1.473822E-02	-2.731640E-02
84762.7395	2.231943E-03	2.911275E-01
84763.2278	2.624766E-04	1.923269E-01
84763.7160	4.838467E-05	2.920109E+00
84764.2043	3.261723E-04	-3.395697E-01
84764.6925	3.278468E-03	-1.771942E+00
84765.1808	2.557681E-02	4.528414E-01
84765.6690	1.540655E-01	-7.087177E-02
84766.1573	7.158613E-01	-2.708600E-01
84766.6455	2.559455E+00	4.523250E+00
84767.1338	7.013193E+00	5.483275E+00
84767.6220	1.469220E+01	1.548085E+01
84768.1103	2.365176E+01	2.328986E+01
84768.5985	2.965815E+01	2.904417E+01
84769.0868	2.932726E+01	2.900762E+01
84769.5750	2.285252E+01	2.301031E+01
84770.0633	1.385450E+01	1.316627E+01
84770.5516	6.476301E+00	8.333979E+00
84771.0398	2.461529E+00	1.900821E+00
84771.5281	1.304809E+00	1.107599E-01
84772.0163	2.221664E+00	3.026670E+00
84772.5046	4.956089E+00	3.367274E+00
84772.9928	8.963024E+00	9.935304E+00
84773.4811	1.257767E+01	1.236937E+01
84773.9693	1.373633E+01	1.512172E+01
84774.4576	1.170029E+01	9.707647E+00
84774.9458	7.741248E+00	7.457574E+00
84775.4341	3.954041E+00	2.065774E+00
84775.9223	1.562429E+00	8.780777E-01
84776.4106	5.351908E-01	9.314757E-02
84776.8988	4.461003E-01	2.228170E-02
84777.3871	1.341138E+00	3.082558E+00
84777.8753	3.985963E+00	4.524970E+00
84778.3636	9.201761E+00	9.106840E+00
84778.8518	1.631498E+01	1.721897E+01
84779.3401	2.239891E+01	2.096253E+01
84779.8283	2.408138E+01	2.351255E+01
84780.3166	2.034773E+01	2.120525E+01
84780.8048	1.340825E+01	1.405292E+01
84781.2931	6.812259E+00	7.835036E+00
84781.7813	2.652883E+00	3.585864E+00
84782.2696	7.925402E-01	-7.989008E-01
84782.7579	1.822163E-01	6.941960E-01
84783.2461	3.231596E-02	8.091246E-01
84783.7344	4.430947E-03	2.864511E-01
84784.2226	5.433494E-04	-1.018463E+00
84784.7109	7.851150E-04	-1.365006E-01
84785.1991	5.739967E-03	-1.195418E+00
84785.6874	3.419342E-02	9.261389E-01
84786.1756	1.582113E-01	-3.525263E-01
84786.6639	5.687109E-01	1.121124E+00
84787.1521	1.589115E+00	2.250430E+00
84787.6404	3.457786E+00	3.028924E+00
84788.1286	5.899696E+00	5.109580E+00
84788.6169	8.078286E+00	6.467134E+00
84789.1051	9.547493E+00	8.793120E+00
84789.5934	1.162080E+01	9.336988E+00
84790.0816	1.718623E+01	1.744225E+01
84790.5699	2.753076E+01	2.781650E+01
84791.0581	3.913597E+01	4.000016E+01
84791.5464	4.572946E+01	4.606525E+01
84792.0346	4.346747E+01	4.351037E+01
84792.5229	3.351115E+01	3.550490E+01
84793.0111	2.109898E+01	2.094398E+01
84793.4994	1.152767E+01	1.175308E+01
84793.9876	6.264374E+00	6.051663E+00
84794.4759	3.698807E+00	4.276968E+00
84794.9642	2.170592E+00	2.208910E+00
84795.4524	1.103840E+00	9.500967E-01
84795.9407	4.514496E-01	2.506714E-01
84796.4289	1.450642E-01	-1.340636E+00
84796.9172	4.193365E-02	-9.262845E-01
84797.4054	4.923660E-02	2.244170E-01
84797.8937	2.286724E-01	3.527811E+00
84798.3819	9.525502E-01	1.883017E+00
84798.8702	3.106915E+00	2.278157E+00
84799.3584	7.912908E+00	1.014968E+01
84799.8467	1.580025E+01	1.512110E+01
84800.3349	2.500821E+01	2.544327E+01
84800.8232	3.192547E+01	3.248482E+01
84801.3114	3.338746E+01	3.339187E+01
84801.7997	2.871890E+01	2.736137E+01
84802.2879	2.033008E+01	1.962880E+01
84802.7762	1.454161E+01	1.358535E+01
84803.2644	3.441546E+01	3.474841E+01
84803.7527	1.304368E+02	1.305502E+02
84804.2409	1.746929E+02	1.744583E+02
84804.7292	1.747882E+02	1.753762E+02
84805.2174	1.747882E+02	1.744511E+02
84805.7057	1.747882E+02	1.727403E+02
84806.1939	1.747882E+02	1.750483E+02
84806.6822	1.747882E+02	1.737583E+02
84807.1705	1.747882E+02	1.759403E+02
84807.6587	1.747882E+02	1.751027E+02
84808.1470	1.747882E+02	1.748454E+02
84808.6352	1.747882E+02	1.749063E+02
84809.1235	1.747882E+02	1.751683E+02
84809.6117	1.747882E+02	1.732351E+02
84810.1000	1.747850E+02	1.756018E+02
84810.5882	1.535605E+02	1.531038E+02
84811.0765	4.729941E+01	4.543867E+01
84811.5647	6.275928E+00	6.939414E+00
84812.0530	5.729268E-01	4.173586E-01
84812.5412	3.995684E-02	-2.935096E-01
84813.0295	2.160744E-03	7.964754E-01
84813.5177	9.092550E-05	-1.972558E+00
84814.0060	4.213147E-06	8.202173E-01
84814.4942	1.753693E-05	-1.183892E+00
84814.9825	1.904741E-04	7.562220E-01
84815.4707	1.605229E-03	4.067413E-01
84815.9590	1.045128E-02	1.396452E+00
84816.4472	5.256520E-02	-2.436492E-01
84816.9355	2.041872E-01	2.945034E-01
84817.4237	6.123173E-01	1.454606E+00
84817.9120	1.416986E+00	3.104999E-01
84818.4003	2.531043E+00	2.567712E+00
84818.8885	3.494251E+00	3.248564E+00
84819.3768	3.734704E+00	3.797536E+00
84819.8650	3.091803E+00	2.672345E+00
84820.3533	1.980117E+00	1.728183E+00
84820.8415	9.794033E-01	2.010294E+00
84821.3298	3.738285E-01	7.552945E-01
84821.8180	1.101271E-01	-2.329708E+00
84822.3063	2.505133E-02	-1.034340E+00
84822.7945	4.401747E-03	-1.152074E+00
84823.2828	5.974973E-04	1.018105E+00
84823.7710	6.265853E-05	-4.790098E-01
84824.2593	5.076465E-06	-1.157088E+00
84824.7475	3.177459E-07	2.336705E-02
84825.2358	1.536548E-08	-2.419717E-01
84825.7240	5.917085E-10	-3.223612E+00
84826.2123	6.837869E-10	-7.715832E-01
84826.7005	1.946713E-08	6.930726E-01
84827.1888	4.391945E-07	1.657902E+00
84827.6770	7.667655E-06	1.029752E+00
84828.1653	1.037230E-04	-8.770102E-01
84828.6535	1.089735E-03	1.750896E+00
84829.1418	8.929568E-03	6.996650E-01
84829.6300	5.748442E-02	-1.784933E+00
84830.1183	2.941230E-01	-2.144317E-01
84830.6066	1.216006E+00	2.901992E-01
84831.0948	4.139162E+00	2.784491E+00
84831.5831	1.175268E+01	1.268596E+01
84832.0713	2.777309E+01	2.878189E+01
84832.5596	5.375692E+01	5.503007E+01
84833.0478	8.455803E+01	8.273021E+01
84833.5361	1.106779E+02	1.107911E+02
84834.0243	1.266156E+02	1.288721E+02
84834.5126	1.324039E+02	1.309520E+02
84835.0008	1.289360E+02	1.274743E+02
84835.4891	1.152055E+02	1.153264E+02
84835.9773	9.009300E+01	9.055080E+01
84836.4656	5.822968E+01	5.887681E+01
84836.9538	3.095000E+01	3.072874E+01
84837.4421	1.524774E+01	1.421150E+01
84837.9303	8.335825E+00	9.773287E+00
84838.4186	5.015386E+00	4.067000E+00
84838.9068	3.064662E+00	3.361498E+00
84839.3951	3.187493E+00	3.637070E+00
84839.8833	9.165217E+00	1.016595E+01
84840.3716	2.953439E+01	3.132941E+01
84840.8598	7.164386E+01	6.960617E+01
84841.3481	1.221337E+02	1.221739E+02
84841.8363	1.547470E+02	1.549654E+02
84842.3246	1.668289E+02	1.668824E+02
84842.8129	1.693344E+02	1.692976E+02
84843.3011	1.665110E+02	1.655164E+02
84843.7894	1.532931E+02	1.545127E+02
84844.2776	1.178537E+02	1.176643E+02
84844.7659	6.517425E+01	6.543536E+01
84845.2541	2.444044E+01	2.514365E+01
84845.7424	6.464222E+00	6.747597E+00
84846.2306	1.271459E+00	1.319654E+00
84846.7189	1.912200E-01	7.384248E-01
84847.2071	2.218717E-02	3.384603E-01
84847.6954	1.989977E-03	-1.341562E+00
84848.1836	1.406793E-04	-5.607446E-01
84848.6719	5.114974E-05	5.136003E-01
84849.1601	5.441786E-04	-9.659242E-01
84849.6484	5.223686E-03	-7.542970E-01
84850.1366	3.876573E-02	3.128305E-01
84850.6249	2.222091E-01	1.391349E+00
84851.1131	9.826179E-01	2.145555E-01
84851.6014	3.342116E+00	3.780694E+00
84852.0896	8.705378E+00	9.040480E+00
84852.5779	1.733814E+01	1.692395E+01
84853.0661	2.659639E+01	2.660000E+01
84853.5544	3.190486E+01	3.262191E+01
84854.0426	3.026925E+01	3.032119E+01
84854.5309	2.263443E+01	2.217145E+01
84855.0192	1.317201E+01	1.146189E+01
84855.5074	6.018681E+00	5.532773E+00
84855.9957	2.578662E+00	3.898935E+00
84856.4839	2.055830E+00	2.045726E+00
84856.9722	3.267298E+00	3.280643E+00
84857.4604	5.344959E+00	3.425622E+00
84857.9487	7.694167E+00	1.004225E+01
84858.4369	9.918955E+00	8.756944E+00
84858.9252	1.153390E+01	1.061404E+01
84859.4134	1.174841E+01	1.077887E+01
84859.9017	1.003556E+01	9.412474E+00
84860.3899	6.928064E+00	7.202419E+00
84860.8782	3.771391E+00	3.946928E+00
84861.3664	1.602870E+00	9.954636E-01
84861.8547	5.594433E-01	1.058353E+00
84862.3429	2.806664E-01	1.061872E+00
84862.8312	4.858910E-01	2.400157E-01
84863.3194	1.103925E+00	-7.057400E-01
84863.8077	2.031164E+00	2.720834E+00
84864.2959	2.897519E+00	3.431862E+00
84864.7842	3.200058E+00	3.599849E+00
84865.2724	2.737266E+00	3.616630E+00
84865.7607	1.811814E+00	1.851382E+00
84866.2489	9.266633E-01	4.445965E-01
84866.7372	3.661486E-01	1.420991E-01
84867.2255	1.137516E-01	1.189797E+00
84867.7137	4.113729E-02	1.807881E+00
84868.2020	8.258846E-02	3.851810E+00
84868.6902	3.165368E-01	-1.771155E+00
84869.1785	1.000773E+00	3.082228E+00
84869.6667	2.515537E+00	1.452318E+00
84870.1550	5.225550E+00	5.841193E+00
84870.6432	9.678220E+00	1.069354E+01
84871.1315	1.728567E+01	1.587470E+01
84871.6197	2.973294E+01	3.027090E+01
84872.1080	4.558172E+01	4.405050E+01
84872.5962	5.863120E+01	5.712865E+01
84873.0845	6.229988E+01	6.198776E+01
84873.5727	5.426948E+01	5.465098E+01
84874.0610	3.776572E+01	3.760809E+01
84874.5492	2.028838E+01	2.015535E+01
84875.0375	8.251208E+00	7.722746E+00
84875.5257	2.542197E+00	2.695493E+00
84876.0140	5.999933E-01	1.353326E+00
84876.5022	1.178253E-01	3.275319E-01
84876.9905	6.231655E-02	1.415706E+00
84877.4787	1.850850E-01	2.518745E+00
84877.9670	5.514262E-01	-1.061969E+00
84878.4552	1.279155E+00	7.669543E-01
84878.9435	2.292545E+00	2.278149E+00
84879.4318	3.181226E+00	2.214862E+00
84879.9200	3.443625E+00	3.180521E+00
84880.4083	2.997946E+00	3.479610E+00
84880.8965	2.385727E+00	2.966536E+00
84881.3848	2.368915E+00	3.163917E+00
84881.8730	3.262990E+00	3.551221E+00
84882.3613	4.578984E+00	3.967175E+00
84882.8495	5.339650E+00	5.282141E+00
84883.3378	4.901091E+00	4.959425E+00
84883.8260	3.504689E+00	3.124899E+00
84884.3143	1.989138E+00	2.094245E+00
84884.8025	1.114164E+00	2.509631E-01
84885.2908	1.412319E+00	7.652258E-01
84885.7790	3.849897E+00	5.299456E+00
84886.2673	1.119314E+01	1.017901E+01
84886.7555	2.977561E+01	2.956128E+01
84887.2438	6.669929E+01	6.710501E+01
84887.7320	1.146552E+02	1.151045E+02
84888.2203	1.501022E+02	1.509183E+02
84888.7085	1.652698E+02	1.657187E+02
84889.1968	1.696044E+02	1.675547E+02
84889.6850	1.697570E+02	1.689815E+02
84890.1733	1.671919E+02	1.686489E+02
84890.6615	1.612940E+02	1.602772E+02
84891.1498	1.500816E+02	1.508019E+02
84891.6381	1.289286E+02	1.292865E+02
84892.1263	9.396314E+01	9.582574E+01
84892.6146	5.270069E+01	5.073697E+01
84893.1028	2.155901E+01	2.098319E+01
84893.5911	6.497250E+00	5.357001E+00
84894.0793	1.767284E+00	1.080206E+00
84894.5676	2.078488E+00	8.813270E-01
84895.0558	8.109091E+00	8.252610E+00
84895.5441	2.649312E+01	2.670979E+01
84896.0323	6.236099E+01	6.238889E+01
84896.5206	1.048347E+02	1.057615E+02
84897.0088	1.345555E+02	1.329453E+02
84897.4971	1.465013E+02	1.458334E+02
84897.9853	1.442701E+02	1.453992E+02
84898.4736	1.268058E+02	1.252165E+02
84898.9618	9.140517E+01	9.085971E+01
84899.4501	4.881781E+01	5.001829E+01
84899.9383	1.852445E+01	1.890644E+01
84900.4266	5.101033E+00	4.071345E+00
84900.9148	1.054710E+00	1.593936E+00
84901.4031	1.670191E-01	-1.373066E+00
84901.8913	2.045579E-02	1.164073E-01
84902.3796	2.604315E-03	-1.129177E+00
84902.8678	6.378966E-03	-1.012631E+00
84903.3561	4.431209E-02	1.122468E+00
84903.8444	2.433156E-01	1.245550E+00
84904.3326	1.032804E+00	1.558143E+00
84904.8209	3.382753E+00	3.616838E+00
84905.3091	8.533622E+00	7.768889E+00
84905.7974	1.661945E+01	1.786110E+01
84906.2856	2.529044E+01	2.529675E+01
84906.7739	3.071926E+01	3.123766E+01
84907.2621	3.044041E+01	3.071376E+01
84907.7504	2.495631E+01	2.457567E+01
84908.2386	1.702496E+01	1.670519E+01
84908.7269	9.665454E+00	8.052631E+00
84909.2151	4.543005E+00	4.330487E+00
84909.7034	1.749210E+00	2.536545E+00
84910.1916	5.442758E-01	7.684149E-01
84910.6799	1.351313E-01	8.006817E-01
84911.1681	2.704386E-02	-2.428055E-01
84911.6564	8.053003E-03	-1.228166E+00
84912.1446	2.112944E-02	3.298466E-01
84912.6329	8.242640E-02	-1.354842E+00
84913.1211	2.540364E-01	-5.532440E-01
84913.6094	6.052258E-01	-3.497695E-01
84914.0976	1.114132E+00	2.795327E+00
84914.5859	1.585592E+00	-1.797729E-01
84915.0741	1.745923E+00	6.485036E-01
84915.5624	1.487897E+00	-2.648504E-01
84916.0507	9.809114E-01	1.718362E+00
84916.5389	5.000941E-01	1.435977E+00
84917.0272	1.993349E-01	1.496120E+00
84917.5154	7.909139E-02	1.610319E-01
84918.0037	1.264849E-01	1.963733E+00
84918.4919	5.129739E-01	-8.845745E-01
84918.9802	1.809887E+00	7.416225E-01
84919.4684	5.063637E+00	5.826949E+00
84919.9567	1.143807E+01	1.147303E+01
84920.4449	2.165679E+01	2.143610E+01
84920.9332	3.582292E+01	3.475580E+01
84921.4214	5.273879E+01	5.327219E+01
84921.9097	6.834041E+01	6.738950E+01
84922.3979	7.664976E+01	7.579560E+01
84922.8862	7.340652E+01	7.442045E+01
84923.3744	5.843183E+01	5.849177E+01
84923.8627	3.709485E+01	3.677748E+01
84924.3509	2.042572E+01	2.119619E+01
84924.8392	3.983015E+01	4.021208E+01
84925.3274	1.572307E+02	1.575753E+02
84925.8157	1.747869E+02	1.746824E+02
84926.3039	1.747869E+02	1.762899E+02
84926.7922	1.747869E+02	1.737476E+02
84927.2804	1.747869E+02	1.751604E+02
84927.7687	1.747869E+02	1.738896E+02
84928.2570	1.747869E+02	1.736427E+02
84928.7452	1.747869E+02	1.740458E+02
84929.2335	1.747869E+02	1.756101E+02
84929.7217	1.747869E+02	1.760240E+02
84930.2100	1.747869E+02	1.766933E+02
84930.6982	1.747869E+02	1.737503E+02
84931.1865	1.747869E+02	1.734779E+02
84931.6747	1.747869E+02	1.749021E+02
84932.1630	1.747868E+02	1.753292E+02
84932.6512	1.747868E+02	1.754951E+02
84933.1395	1.747868E+02	1.746040E+02
84933.6277	1.686229E+02	1.701988E+02
84934.1160	5.005406E+01	4.893662E+01
84934.6042	4.538714E+00	3.646457E+00
84935.0925	2.770164E-01	-4.831076E-01
84935.5807	1.292092E-02	6.796383E-01
84936.0690	4.726905E-04	-1.674338E-01
84936.5572	1.013579E-04	3.527814E-01
84937.0455	8.462744E-04	6.291898E-01
84937.5337	6.260163E-03	1.415013E+00
84938.0220	3.581224E-02	7.067316E-02
84938.5102	1.583510E-01	-4.258496E-01
84938.9985	5.409349E-01	2.071763E-01
84939.4867	1.426588E+00	3.465614E+00
84939.9750	2.903769E+00	3.750582E+00
84940.4633	4.567038E+00	2.143136E+00
84940.9515	5.564169E+00	5.922982E+00
84941.4398	5.261151E+00	4.487686E+00
84941.9280	3.858467E+00	4.998705E+00
84942.4163	2.189425E+00	1.342850E+00
84942.9045	9.592702E-01	1.907290E+00
84943.3928	3.244104E-01	1.484387E-01
84943.8810	8.498491E-02	1.874092E+00
84944.3693	1.931764E-02	-7.937411E-02
84944.8575	1.666254E-02	-3.080944E-02
84945.3458	6.845616E-02	-1.695216E+00
84945.8340	2.563871E-01	1.665764E+00
84946.3223	7.451208E-01	1.230754E+00
84946.8105	1.672371E+00	1.405218E+00
84947.2988	2.899574E+00	3.960534E+00
84947.7870	3.889592E+00	3.390956E+00
84948.2753	4.043952E+00	5.476628E+00
84948.7635	3.259659E+00	2.740660E+00
84949.2518	2.034071E+00	2.488250E+00
84949.7400	9.808732E-01	5.633239E-02
84950.2283	3.652467E-01	1.829927E+00
84950.7165	1.050500E-01	-4.604018E-01
84951.2048	2.335999E-02	1.222975E+00
84951.6930	4.157315E-03	-7.785247E-01
84952.1813	1.936605E-03	1.419919E+00
84952.6696	1.050952E-02	6.865490E-01
84953.1578	6.020452E-02	-3.675897E-01
84953.6461	2.679062E-01	6.757214E-01
84954.1343	9.206834E-01	9.472926E-01
84954.6226	2.440322E+00	8.032461E-01
84955.1108	4.986154E+00	6.140116E+00
84955.5991	7.868814E+00	6.716997E+00
84956.0873	9.633339E+00	8.413677E+00
84956.5756	9.184811E+00	1.096162E+01
84957.0638	6.864485E+00	7.596679E+00
84957.5521	4.409957E+00	5.764906E+00
84958.0403	4.844077E+00	6.515508E+00
84958.5286	1.492397E+01	1.473691E+01
84959.0168	4.722297E+01	4.801248E+01
84959.5051	1.030282E+02	1.036233E+02
84959.9933	1.501799E+02	1.528565E+02
84960.4816	1.688389E+02	1.668899E+02
84960.9698	1.731025E+02	1.715184E+02
84961.4581	1.738857E+02	1.748297E+02
84961.9463	1.738794E+02	1.736275E+02
84962.4346	1.735313E+02	1.735302E+02
84962.9228	1.726275E+02	1.725705E+02
84963.4111	1.695383E+02	1.695419E+02
84963.8993	1.579959E+02	1.558774E+02
84964.3876	1.250455E+02	1.263344E+02
84964.8759	7.422594E+01	7.455150E+01
84965.3641	7.218657E+01	7.198640E+01
84965.8524	1.719559E+02	1.704735E+02
84966.3406	1.747865E+02	1.756504E+02
84966.8289	1.747865E+02	1.750048E+02
84967.3171	1.747865E+02	1.748994E+02
84967.8054	1.747865E+02	1.754281E+02
84968.2936	1.747865E+02	1.736807E+02
84968.7819	1.747864E+02	1.737456E+02
84969.2701	1.747864E+02	1.747133E+02
84969.7584	1.747864E+02	1.748677E+02
84970.2466	1.747864E+02	1.744298E+02
84970.7349	1.747864E+02	1.757768E+02
84971.2231	1.747864E+02	1.764497E+02
84971.7114	1.747864E+02	1.725348E+02
84972.1996	1.747864E+02	1.753904E+02
84972.6879	1.747864E+02	1.759641E+02
84973.1761	1.747864E+02	1.764575E+02
84973.6644	1.747864E+02	1.762076E+02
84974.1526	1.747864E+02	1.745273E+02
84974.6409	1.724649E+02	1.714980E+02
84975.1291	8.764794E+01	8.851815E+01
84975.6174	2.310567E+01	2.295902E+01
84976.1056	6.040944E+00	4.983490E+00
84976.5939	3.102821E+00	3.231890E+00
84977.0822	3.187788E+00	2.546148E+00
84977.5704	3.328290E+00	3.584648E+00
84978.0587	3.681518E+00	1.986777E+00
84978.5469	7.514795E+00	7.615448E+00
84979.0352	2.309082E+01	2.241698E+01
84979.5234	5.964156E+01	5.951744E+01
84980.0117	1.087115E+02	1.082731E+02
84980.4999	1.446634E+02	1.450885E+02
84980.9882	1.598314E+02	1.589322E+02
84981.4764	1.625425E+02	1.632093E+02
84981.9647	1.558638E+02	1.557830E+02
84982.4529	1.332812E+02	1.327147E+02
84982.9412	8.962644E+01	8.872228E+01
84983.4294	4.243443E+01	4.182309E+01
84983.9177	1.397141E+01	1.541883E+01
84984.4059	3.515531E+00	4.494401E+00
84984.8942	1.734237E+00	5.903276E-01
84985.3824	5.331401E+00	4.027487E+00
84985.8707	1.824100E+01	1.633818E+01
84986.3589	4.629923E+01	4.442665E+01
84986.8472	8.487777E+01	8.487963E+01
84987.3354	1.172179E+02	1.173629E+02
84987.8237	1.331624E+02	1.322893E+02
84988.3119	1.331138E+02	1.334659E+02
84988.8002	1.170618E+02	1.154922E+02
